GO:0006970	response to osmotic stress	P	784	9	13	0.322223405951	0.322223405951	0.00602628761674	0.322223405951	0.322223405951	0.322223405951	0.00363470385034	0.322223405951	0.322223405951	0.322223405951	0.322223405951	0.322223405951	0.322223405951	0.322223405951	0.322223405951	0.322223405951
GO:0006979	response to oxidative stress	P	593	8	11	0.322223405951	0.322223405951	0.322223405951	0.322223405951	0.322223405951	0.322223405951	0.322223405951	0.322223405951	0.322223405951	0.322223405951	0.322223405951	0.322223405951	0.322223405951	0.322223405951	0.322223405951	0.322223405951
GO:0044710	single-organism metabolic process	P	4559	119	108	0.322223405951	0.322223405951	1.73395247652e-17	0.322223405951	5.81873435058e-37	0.00308616869202	0.0309243084408	4.19242517034e-16	0.322223405951	2.32040640227e-49	0.0	0.0443151771535	0.322223405951	0.159386051975	0.322223405951	0.322223405951
GO:0044711	single-organism biosynthetic process	P	1681	56	55	0.322223405951	0.322223405951	1.27014996167e-23	0.322223405951	6.1951770754e-21	0.322223405951	5.08786485046e-11	1.15377402949e-13	0.322223405951	7.58556553404e-56	0.0	0.322223405951	0.322223405951	0.322223405951	0.322223405951	0.322223405951
GO:0009814	defense response, incompatible interaction	P	520	12	11	0.322223405951	0.322223405951	1.13532679645e-18	0.322223405951	0.322223405951	0.322223405951	1.53176800376e-18	0.322223405951	0.322223405951	0.322223405951	0.322223405951	0.322223405951	0.322223405951	0.322223405951	0.322223405951	0.322223405951
GO:0009056	catabolic process	P	1989	6	9	0.322223405951	0.322223405951	0.322223405951	0.322223405951	0.322223405951	0.322223405951	0.322223405951	0.322223405951	0.322223405951	0.322223405951	0.322223405951	0.322223405951	0.322223405951	0.322223405951	0.322223405951	0.322223405951
GO:0009507	chloroplast	C	3383	4	6	0.322223405951	0.322223405951	0.322223405951	0.322223405951	0.322223405951	0.322223405951	0.322223405951	0.322223405951	0.322223405951	0.322223405951	0.322223405951	0.322223405951	0.322223405951	0.322223405951	0.322223405951	0.322223405951
GO:0048731	system development	P	2432	39	51	0.322223405951	0.322223405951	0.000354984877774	0.322223405951	2.16935602417e-46	0.322223405951	2.37976536e-32	0.00100132738394	0.322223405951	9.02204354414e-67	0.322223405951	0.322223405951	0.322223405951	0.322223405951	0.322223405951	0.322223405951
GO:1901362	organic cyclic compound biosynthetic process	P	1640	40	41	0.322223405951	0.322223405951	8.31700713055e-11	0.322223405951	2.31565197096e-15	0.322223405951	0.136287860749	1.95070464346e-06	0.322223405951	4.22944184335e-58	0.0	0.322223405951	0.322223405951	0.322223405951	0.322223405951	0.322223405951
GO:1901360	organic cyclic compound metabolic process	P	3635	64	64	0.322223405951	0.322223405951	2.67837327407e-19	0.322223405951	8.76561503873e-27	0.159386051975	0.0066354776732	4.28472656124e-11	0.322223405951	5.48442463022e-50	0.0	0.322223405951	0.322223405951	0.322223405951	0.322223405951	0.322223405951
GO:0043436	oxoacid metabolic process	P	1837	27	31	0.322223405951	0.322223405951	0.00326923857164	0.322223405951	6.5994652988e-10	0.322223405951	0.000761018246599	0.0443151771535	0.322223405951	8.70457319872e-35	0.0	0.322223405951	0.322223405951	0.322223405951	0.322223405951	0.322223405951
GO:0008270	zinc ion binding	M	1238	10	11	0.322223405951	0.322223405951	7.11990363961e-06	0.322223405951	1.13421071817e-17	0.322223405951	0.000603952016986	0.0127683316054	0.322223405951	4.43679810259e-22	0.322223405951	0.0443151771535	0.322223405951	0.322223405951	0.322223405951	0.322223405951
GO:0003676	nucleic acid binding	M	2645	133	93	0.322223405951	0.322223405951	2.5320030415e-40	0.322223405951	6.47066973951e-52	4.33913168882e-15	5.77958967212e-46	5.0699778247e-17	0.00157177540832	2.13954978223e-45	2.2482031835e-102	3.90644542742e-14	4.77706886795e-05	0.00363470385034	0.322223405951	0.322223405951
GO:0003677	DNA binding	M	1647	97	61	0.322223405951	0.322223405951	1.00395069402e-37	0.322223405951	4.01075429148e-47	1.1790010064e-17	6.1259105719e-43	2.47385251914e-16	0.00157177540832	9.5777360314e-19	5.28369931124e-99	6.47722457316e-17	7.68817081324e-06	0.00363470385034	0.0443151771535	0.322223405951
GO:0009642	response to light intensity	P	267	7	8	0.322223405951	0.322223405951	3.03136534207e-07	0.322223405951	0.322223405951	0.322223405951	8.93841213023e-07	0.322223405951	0.322223405951	0.322223405951	0.322223405951	0.322223405951	0.322223405951	0.322223405951	0.322223405951	0.322223405951
GO:0051234	establishment of localization	P	3247	36	42	0.322223405951	0.322223405951	5.97526971988e-09	0.322223405951	0.322223405951	0.322223405951	1.33148857518e-07	0.322223405951	0.322223405951	0.322223405951	0.322223405951	0.322223405951	0.322223405951	0.322223405951	0.322223405951	0.322223405951
GO:0061458	reproductive system development	P	1447	6	8	0.322223405951	0.322223405951	0.322223405951	0.322223405951	2.57027818522e-13	0.322223405951	8.64072454073e-11	0.322223405951	0.322223405951	3.77193177738e-26	0.322223405951	0.322223405951	0.322223405951	0.322223405951	0.322223405951	0.322223405951
GO:0048518	positive regulation of biological process	P	931	4	5	0.322223405951	0.322223405951	0.322223405951	0.322223405951	1.31276524208e-09	0.322223405951	1.52037937576e-05	0.322223405951	0.322223405951	7.08019796347e-20	0.322223405951	0.322223405951	0.322223405951	0.322223405951	0.322223405951	0.322223405951
GO:0048519	negative regulation of biological process	P	1141	16	11	0.322223405951	0.322223405951	8.01755167162e-05	0.322223405951	4.57133633051e-24	7.86944853033e-07	4.34978855348e-16	1.63093099309e-08	0.322223405951	1.17500895112e-29	7.35328322379e-62	3.26468195294e-06	0.0099491525424	0.0237784661239	0.322223405951	0.322223405951
GO:0002376	immune system process	P	817	28	22	0.322223405951	0.322223405951	5.26657775542e-28	0.322223405951	3.64840609973e-21	0.000169248509405	0.229932322613	1.59205481177e-15	0.322223405951	1.19870601635e-49	2.35724033631e-74	0.0831989669294	0.322223405951	0.018040323892	0.322223405951	0.322223405951
GO:0048646	anatomical structure formation involved in morphogenesis	P	1348	15	24	0.322223405951	0.322223405951	0.322223405951	0.322223405951	7.38947827379e-31	0.322223405951	0.322223405951	0.322223405951	0.322223405951	0.322223405951	0.322223405951	0.322223405951	0.322223405951	0.322223405951	0.322223405951	0.322223405951
GO:0071495	cellular response to endogenous stimulus	P	733	15	12	0.322223405951	0.322223405951	0.00683340014957	0.322223405951	9.34214008733e-18	0.00010216012507	3.57154047511e-08	0.322223405951	0.322223405951	5.59770387939e-29	1.3029590471e-50	1.53738275755e-06	0.322223405951	0.322223405951	0.322223405951	0.322223405951
GO:0071496	cellular response to external stimulus	P	329	4	6	0.322223405951	0.322223405951	0.322223405951	0.322223405951	0.322223405951	0.322223405951	0.322223405951	0.322223405951	0.322223405951	0.322223405951	0.322223405951	0.322223405951	0.322223405951	0.322223405951	0.322223405951	0.322223405951
GO:0007243	intracellular protein kinase cascade	P	221	4	5	0.322223405951	0.322223405951	0.322223405951	0.322223405951	0.322223405951	0.322223405951	0.322223405951	0.322223405951	0.322223405951	0.322223405951	0.322223405951	0.322223405951	0.322223405951	0.322223405951	0.322223405951	0.322223405951
GO:0050794	regulation of cellular process	P	4357	367	261	0.322223405951	0.322223405951	1.40601803197e-40	0.322223405951	1.65543168755e-63	1.54438919784e-07	2.53590916984e-44	7.90508621569e-30	0.18235161124	3.58587015714e-63	2.20058120555e-135	4.06404696295e-08	0.0324477786167	0.0399362405568	0.159386051975	0.322223405951
GO:0051707	response to other organism	P	1346	57	52	0.322223405951	0.322223405951	7.75375235092e-35	0.322223405951	1.08381004725e-16	0.0333788062508	7.50919973583e-15	2.20790130962e-15	0.322223405951	4.3959590658e-34	1.67268660246e-39	0.0443151771535	0.322223405951	0.000250910596376	0.322223405951	0.322223405951
GO:0051704	multi-organism process	P	1697	63	58	0.322223405951	0.322223405951	8.64821540066e-32	0.322223405951	4.5338919232e-17	0.000629608348409	4.2520357842e-15	9.4642959443e-16	0.322223405951	2.90964164469e-33	1.67268660246e-39	0.0443151771535	0.322223405951	0.000221342794702	0.322223405951	0.322223405951
GO:0070887	cellular response to chemical stimulus	P	1308	36	33	0.322223405951	0.322223405951	5.29958300392e-06	0.322223405951	3.46170039272e-25	3.07583514895e-06	5.05405660489e-16	8.64072454073e-11	0.322223405951	5.95982984415e-29	7.06871424279e-43	0.00683340014957	0.0099491525424	0.0099491525424	0.322223405951	0.322223405951
GO:0071840	cellular component organization or biogenesis	P	3586	41	46	0.322223405951	0.322223405951	4.62620231117e-12	0.322223405951	4.95551462474e-30	0.322223405951	0.000407882500778	0.00191735286375	0.322223405951	0.0	0.322223405951	0.322223405951	0.322223405951	0.322223405951	0.322223405951	0.322223405951
GO:0016053	organic acid biosynthetic process	P	1119	22	25	0.322223405951	0.322223405951	0.0831989669294	0.322223405951	4.86388492292e-11	0.322223405951	2.24211266432e-09	0.322223405951	0.322223405951	1.35796989827e-35	0.0	0.322223405951	0.322223405951	0.322223405951	0.322223405951	0.322223405951
GO:0019637	organophosphate metabolic process	P	1114	7	8	0.322223405951	0.322223405951	1.45699385947e-08	0.322223405951	0.322223405951	0.322223405951	7.30199067508e-09	0.322223405951	0.322223405951	0.322223405951	0.322223405951	0.322223405951	0.322223405951	0.322223405951	0.322223405951	0.322223405951
GO:0006725	cellular aromatic compound metabolic process	P	3416	63	62	0.322223405951	0.322223405951	1.62697797857e-23	0.322223405951	2.31069371248e-21	0.0443151771535	6.3788225693e-06	2.81603799806e-08	0.322223405951	4.35213105672e-36	0.0	0.322223405951	0.322223405951	0.322223405951	0.322223405951	0.322223405951
GO:0070727	cellular macromolecule localization	P	1064	5	6	0.322223405951	0.322223405951	0.322223405951	0.322223405951	0.322223405951	0.322223405951	0.322223405951	0.322223405951	0.322223405951	0.322223405951	0.322223405951	0.322223405951	0.322223405951	0.322223405951	0.322223405951	0.322223405951
GO:0022622	root system development	P	557	5	5	0.322223405951	0.322223405951	1.76721887674e-08	0.322223405951	1.15276432983e-09	0.322223405951	2.72839915043e-07	0.0127683316054	0.322223405951	1.46601424401e-22	0.322223405951	0.322223405951	0.322223405951	0.0443151771535	0.322223405951	0.322223405951
GO:0065008	regulation of biological quality	P	1086	4	5	0.322223405951	0.322223405951	0.322223405951	0.322223405951	0.322223405951	0.322223405951	0.322223405951	0.322223405951	0.322223405951	0.322223405951	0.322223405951	0.322223405951	0.322223405951	0.322223405951	0.322223405951	0.322223405951
GO:0031668	cellular response to extracellular stimulus	P	328	4	6	0.322223405951	0.322223405951	0.322223405951	0.322223405951	0.322223405951	0.322223405951	0.322223405951	0.322223405951	0.322223405951	0.322223405951	0.322223405951	0.322223405951	0.322223405951	0.322223405951	0.322223405951	0.322223405951
GO:0031669	cellular response to nutrient levels	P	292	4	6	0.322223405951	0.322223405951	0.322223405951	0.322223405951	0.322223405951	0.322223405951	0.322223405951	0.322223405951	0.322223405951	0.322223405951	0.322223405951	0.322223405951	0.322223405951	0.322223405951	0.322223405951	0.322223405951
GO:0071310	cellular response to organic substance	P	1136	31	29	0.322223405951	0.322223405951	0.0184834111892	0.322223405951	7.31043395113e-24	6.76379922869e-06	1.20991436327e-16	9.32636029502e-05	0.322223405951	1.48526831299e-26	9.40869335427e-52	0.000193839480402	0.00683340014957	0.322223405951	0.322223405951	0.322223405951
GO:0042221	response to chemical stimulus	P	3503	149	138	0.322223405951	0.322223405951	2.12227783199e-16	0.322223405951	1.22731140133e-41	1.06799258959e-06	1.08926658009e-32	6.89190024819e-17	0.322223405951	2.72412650624e-46	8.957946212e-85	5.33700172454e-05	0.0443151771535	5.66100934772e-28	0.322223405951	0.322223405951
GO:0001071	nucleic acid binding transcription factor activity	M	1409	91	60	0.322223405951	0.322223405951	1.07005516707e-38	0.322223405951	7.21259464233e-50	3.57176179371e-17	2.19442594105e-42	1.0315813455e-13	0.322223405951	2.10461614716e-11	4.44945447686e-89	2.35711500413e-15	2.83646455388e-05	0.0237784661239	0.0831989669294	0.322223405951
GO:0010468	regulation of gene expression	P	2291	135	101	0.322223405951	0.322223405951	1.14233034035e-44	0.322223405951	1.89614853254e-54	1.56585401227e-11	2.4834610687e-50	5.1348174334e-20	0.0237784661239	7.96429428611e-37	1.17608481039e-104	2.86176891642e-12	0.00258717494951	0.0127683316054	0.322223405951	0.322223405951
GO:0031667	response to nutrient levels	P	309	4	6	0.322223405951	0.322223405951	0.322223405951	0.322223405951	0.322223405951	0.322223405951	0.322223405951	0.322223405951	0.322223405951	0.322223405951	0.322223405951	0.322223405951	0.322223405951	0.322223405951	0.322223405951	0.322223405951
GO:0043167	ion binding	M	4783	52	59	0.322223405951	0.322223405951	6.40151589373e-11	0.322223405951	4.83908955318e-18	0.322223405951	0.798842667587	0.00055667604589	0.322223405951	1.64926494905e-31	0.322223405951	0.322223405951	0.322223405951	0.322223405951	0.322223405951	0.322223405951
GO:0009725	response to hormone stimulus	P	1470	47	44	0.322223405951	0.322223405951	9.46830346613e-16	0.322223405951	2.56120182823e-28	1.28290289518e-08	4.27969289956e-24	1.17676399188e-06	0.322223405951	3.91804273877e-32	1.34968857947e-61	2.40124185801e-05	0.00013234126807	0.103000037411	0.159386051975	0.322223405951
GO:0019752	carboxylic acid metabolic process	P	1826	27	31	0.322223405951	0.322223405951	0.00205179402418	0.322223405951	2.08667367341e-11	0.0237784661239	1.83447701908e-05	0.0443151771535	0.322223405951	2.20807112512e-31	2.71690605285e-43	0.159386051975	0.322223405951	0.322223405951	0.322223405951	0.322223405951
GO:0007154	cell communication	P	2145	75	74	0.322223405951	0.322223405951	2.1495614364e-05	0.322223405951	2.80534778534e-27	6.78710528448e-08	7.28824776275e-08	5.58533255589e-14	0.322223405951	3.13615661016e-34	3.98960238717e-62	0.000432446749279	0.018040323892	0.00114125514218	0.322223405951	0.322223405951
GO:0009267	cellular response to starvation	P	280	4	6	0.322223405951	0.322223405951	0.322223405951	0.322223405951	0.322223405951	0.322223405951	0.322223405951	0.322223405951	0.322223405951	0.322223405951	0.322223405951	0.322223405951	0.322223405951	0.322223405951	0.322223405951	0.322223405951
GO:0009266	response to temperature stimulus	P	920	14	18	0.322223405951	0.322223405951	1.52037937576e-05	0.322223405951	8.72702844704e-29	0.322223405951	7.1057158556e-05	0.0237784661239	0.322223405951	0.322223405951	0.322223405951	0.322223405951	0.322223405951	0.322223405951	0.322223405951	0.322223405951
GO:0048364	root development	P	556	5	5	0.322223405951	0.322223405951	1.13044874977e-07	0.322223405951	1.75628802918e-08	0.322223405951	2.72839915043e-07	0.00683340014957	0.322223405951	3.32025688665e-24	0.322223405951	0.322223405951	0.322223405951	0.0831989669294	0.322223405951	0.322223405951
GO:0009536	plastid	C	3451	5	7	0.322223405951	0.322223405951	0.322223405951	0.322223405951	0.322223405951	0.322223405951	0.322223405951	0.322223405951	0.322223405951	0.322223405951	0.322223405951	0.322223405951	0.322223405951	0.322223405951	0.322223405951	0.322223405951
GO:0048608	reproductive structure development	P	1447	6	8	0.322223405951	0.322223405951	0.322223405951	0.322223405951	5.00462612576e-15	0.322223405951	2.39601204286e-09	0.322223405951	0.322223405951	3.77193177738e-26	0.322223405951	0.322223405951	0.322223405951	0.322223405951	0.322223405951	0.322223405951
GO:0022414	reproductive process	P	2070	9	12	0.322223405951	0.322223405951	0.000516928494134	0.322223405951	2.3552980487e-19	0.322223405951	0.00409816373321	0.0831989669294	0.322223405951	1.35589531974e-31	0.322223405951	0.322223405951	0.322223405951	0.322223405951	0.322223405951	0.322223405951
GO:0009743	response to carbohydrate stimulus	P	386	4	6	0.322223405951	0.322223405951	0.322223405951	0.322223405951	0.322223405951	0.322223405951	0.322223405951	0.322223405951	0.322223405951	0.322223405951	0.322223405951	0.322223405951	0.322223405951	0.322223405951	0.322223405951	0.322223405951
GO:0019222	regulation of metabolic process	P	2955	243	173	0.322223405951	0.322223405951	3.29861477102e-40	0.322223405951	1.25670547075e-59	6.53942863651e-08	1.64256317791e-24	2.63446790061e-23	0.0127683316054	1.4646562881e-51	7.568372773e-118	3.97193383064e-05	0.00363470385034	0.00100132738394	0.322223405951	0.322223405951
GO:0080090	regulation of primary metabolic process	P	2513	178	129	0.322223405951	0.322223405951	2.40911351628e-40	0.322223405951	7.22148085971e-56	1.12943792283e-10	2.9203996252e-27	6.85327427644e-22	0.0110575854028	7.16405737233e-44	2.08856952776e-112	5.52164390736e-06	0.0099491525424	0.159386051975	0.322223405951	0.322223405951
GO:0006820	anion transport	P	558	6	8	0.322223405951	0.322223405951	2.72839915043e-07	0.322223405951	0.322223405951	0.322223405951	2.72839915043e-07	0.322223405951	0.322223405951	0.322223405951	0.322223405951	0.322223405951	0.322223405951	0.322223405951	0.322223405951	0.322223405951
GO:0030001	metal ion transport	P	576	5	6	0.322223405951	0.322223405951	1.02476393074e-13	0.322223405951	0.322223405951	0.322223405951	1.02476393074e-13	0.322223405951	0.322223405951	0.322223405951	0.322223405951	0.322223405951	0.322223405951	0.322223405951	0.322223405951	0.322223405951
GO:0003700	sequence-specific DNA binding transcription factor activity	M	1409	91	60	0.322223405951	0.322223405951	5.04399183275e-37	0.322223405951	1.10108925002e-48	3.23745107318e-13	1.0448238384e-39	2.75913027232e-13	0.0831989669294	2.40052932866e-06	1.19431717841e-86	1.77702704805e-15	0.00055667604589	0.0237784661239	0.322223405951	0.322223405951
GO:0016772	transferase activity, transferring phosphorus-containing groups	M	1443	13	14	0.322223405951	0.322223405951	0.322223405951	0.322223405951	0.322223405951	0.322223405951	0.322223405951	0.322223405951	0.322223405951	0.322223405951	0.322223405951	0.322223405951	0.322223405951	0.322223405951	0.322223405951	0.322223405951
GO:0043565	sequence-specific DNA binding	M	346	10	8	0.322223405951	0.322223405951	0.399217456805	0.322223405951	1.5289733724e-16	1.26971904885e-06	7.93099955953e-09	0.00100132738394	0.322223405951	5.08699473569e-13	1.59777077328e-46	0.000178845597979	0.103000037411	0.322223405951	0.322223405951	0.322223405951
GO:0010243	response to organic nitrogen	P	421	18	16	0.322223405951	0.322223405951	0.159386051975	0.322223405951	1.83106372871e-10	0.018040323892	0.000176637676225	0.322223405951	0.322223405951	2.84074890059e-37	2.67599363671e-67	0.0831989669294	0.322223405951	0.322223405951	0.322223405951	0.322223405951
GO:0032502	developmental process	P	3556	84	98	0.322223405951	0.322223405951	2.52851570144e-11	0.322223405951	8.13581526275e-61	0.322223405951	2.96077903933e-07	0.000922508122632	0.322223405951	0.0	0.322223405951	0.322223405951	0.322223405951	0.322223405951	0.322223405951	0.322223405951
GO:0032501	multicellular organismal process	P	3504	85	99	0.322223405951	0.322223405951	3.20399750656e-11	0.322223405951	2.01432496952e-45	0.322223405951	0.0547141121653	0.000420701135418	0.322223405951	6.63880671687e-54	0.322223405951	0.322223405951	0.322223405951	0.322223405951	0.322223405951	0.322223405951
GO:0071554	cell wall organization or biogenesis	P	932	6	9	0.322223405951	0.322223405951	0.322223405951	0.322223405951	0.322223405951	0.322223405951	0.322223405951	0.322223405951	0.322223405951	0.322223405951	0.322223405951	0.322223405951	0.322223405951	0.322223405951	0.322223405951	0.322223405951
GO:0044281	small molecule metabolic process	P	2767	44	48	0.322223405951	0.322223405951	3.91679444771e-10	0.322223405951	1.13442190719e-17	0.159386051975	0.000352748682449	5.58946639858e-07	0.322223405951	1.38472565965e-41	0.0	0.322223405951	0.322223405951	0.322223405951	0.322223405951	0.322223405951
GO:0009886	post-embryonic morphogenesis	P	471	6	8	0.322223405951	0.322223405951	0.00683340014957	0.322223405951	1.01304473706e-22	0.322223405951	0.00683340014957	0.0443151771535	0.322223405951	0.322223405951	0.322223405951	0.322223405951	0.322223405951	0.322223405951	0.322223405951	0.322223405951
GO:0009416	response to light stimulus	P	1093	33	37	0.322223405951	0.322223405951	1.1570189591e-15	0.322223405951	2.02298440841e-30	0.322223405951	2.11672072333e-12	0.00100132738394	0.322223405951	0.322223405951	0.322223405951	0.322223405951	0.322223405951	0.322223405951	0.322223405951	0.322223405951
GO:0044765	single-organism transport	P	2809	33	40	0.322223405951	0.322223405951	4.3351753335e-09	0.322223405951	0.322223405951	0.322223405951	8.98408783331e-09	0.322223405951	0.322223405951	0.322223405951	0.322223405951	0.322223405951	0.322223405951	0.322223405951	0.322223405951	0.322223405951
GO:0009889	regulation of biosynthetic process	P	2307	146	111	0.322223405951	0.322223405951	1.72788580802e-42	0.322223405951	1.0873927256e-54	1.12276237334e-11	2.05565174838e-52	9.15725714696e-17	0.322223405951	6.5400945612e-43	5.20755166377e-111	1.01013250829e-12	0.000337139941643	0.018040323892	0.322223405951	0.322223405951
GO:0009888	tissue development	P	930	4	8	0.322223405951	0.322223405951	0.322223405951	0.322223405951	0.322223405951	0.322223405951	0.322223405951	0.322223405951	0.322223405951	0.322223405951	0.322223405951	0.322223405951	0.322223405951	0.322223405951	0.322223405951	0.322223405951
GO:0009628	response to abiotic stimulus	P	2597	95	101	0.322223405951	0.322223405951	3.46141400119e-06	0.322223405951	5.35347098608e-47	0.322223405951	0.0132138595822	9.23783705192e-08	0.322223405951	6.30981255479e-44	0.0	0.322223405951	0.322223405951	0.322223405951	0.322223405951	0.322223405951
GO:0033554	cellular response to stress	P	1149	21	26	0.322223405951	0.322223405951	3.62742364238e-10	0.322223405951	0.322223405951	0.322223405951	4.43599866745e-11	0.322223405951	0.322223405951	0.322223405951	0.322223405951	0.322223405951	0.322223405951	0.322223405951	0.322223405951	0.322223405951
GO:0010200	response to chitin	P	407	18	16	0.322223405951	0.322223405951	0.0831989669294	0.322223405951	1.80119803846e-09	0.0110575854028	5.78084061733e-05	0.322223405951	0.322223405951	2.2408177405e-31	3.10590864988e-48	0.0443151771535	0.322223405951	0.322223405951	0.322223405951	0.322223405951
GO:0009627	systemic acquired resistance	P	436	5	7	0.322223405951	0.322223405951	0.322223405951	0.322223405951	0.322223405951	0.322223405951	0.322223405951	0.322223405951	0.322223405951	0.322223405951	0.322223405951	0.322223405951	0.322223405951	0.322223405951	0.322223405951	0.322223405951
GO:0009607	response to biotic stimulus	P	1380	58	54	0.322223405951	0.322223405951	7.83922854803e-28	0.322223405951	5.62716548306e-21	0.000187063188113	1.7489325092e-09	2.8981728575e-14	0.322223405951	5.35941312038e-38	1.7054077305e-59	0.00191735286375	0.322223405951	7.08418009511e-05	0.322223405951	0.322223405951
GO:0009605	response to external stimulus	P	762	11	14	0.322223405951	0.322223405951	1.46271161906e-09	0.322223405951	0.322223405951	0.322223405951	5.48807319056e-10	0.322223405951	0.322223405951	0.322223405951	0.322223405951	0.322223405951	0.322223405951	0.322223405951	0.322223405951	0.322223405951
GO:0051179	localization	P	3427	41	48	0.322223405951	0.322223405951	9.10808195552e-10	0.322223405951	0.322223405951	0.322223405951	4.84632339671e-09	0.322223405951	0.322223405951	0.322223405951	0.322223405951	0.322223405951	0.322223405951	0.322223405951	0.322223405951	0.322223405951
GO:0048523	negative regulation of cellular process	P	745	11	7	0.322223405951	0.322223405951	5.56416625051e-07	0.322223405951	1.74599903955e-17	1.65735344391e-08	1.1311302948e-13	7.11990363961e-06	0.322223405951	5.68721192864e-21	4.06494392842e-44	9.32636029502e-05	0.0237784661239	0.0443151771535	0.322223405951	0.322223405951
GO:0009723	response to ethylene stimulus	P	342	10	8	0.322223405951	0.322223405951	0.322223405951	0.322223405951	9.81674806994e-14	0.0831989669294	6.54588810556e-05	0.322223405951	0.322223405951	2.58125587004e-30	2.51023095097e-52	0.000263427746826	0.322223405951	0.322223405951	0.322223405951	0.322223405951
GO:0030154	cell differentiation	P	1033	6	11	0.322223405951	0.322223405951	0.322223405951	0.322223405951	0.322223405951	0.322223405951	0.322223405951	0.322223405951	0.322223405951	0.322223405951	0.322223405951	0.322223405951	0.322223405951	0.322223405951	0.322223405951	0.322223405951
GO:0060255	regulation of macromolecule metabolic process	P	2475	165	120	0.322223405951	0.322223405951	5.31362347822e-40	0.322223405951	1.9607517994e-53	1.11763427396e-12	3.30832347521e-30	6.36787747727e-26	0.00348395324264	1.01129283149e-39	7.35148636496e-117	2.99047989959e-09	0.0237784661239	0.0127683316054	0.322223405951	0.322223405951
GO:0023052	signaling	P	1820	39	41	0.322223405951	0.322223405951	0.00577086419422	0.322223405951	1.4970109537e-25	4.47131710006e-06	1.3467753388e-15	9.0050454767e-08	0.322223405951	1.9205914438e-33	2.67599363671e-67	6.54588810556e-05	0.322223405951	0.0237784661239	0.322223405951	0.322223405951
GO:0009644	response to high light intensity	P	217	4	6	0.322223405951	0.322223405951	0.322223405951	0.322223405951	0.322223405951	0.322223405951	0.322223405951	0.322223405951	0.322223405951	0.322223405951	0.322223405951	0.322223405951	0.322223405951	0.322223405951	0.322223405951	0.322223405951
GO:2000112	regulation of cellular macromolecule biosynthetic process	P	2172	134	100	0.322223405951	0.322223405951	3.2698112026e-40	0.322223405951	2.05168152764e-52	4.19668227824e-13	6.64542401651e-49	9.05167955516e-16	0.00363470385034	3.71173080718e-33	1.88449377418e-97	4.48918325998e-15	0.000364694438395	0.0062468001227	0.322223405951	0.322223405951
GO:0044700	single organism signaling	P	1819	39	41	0.322223405951	0.322223405951	0.0160373016039	0.322223405951	1.85845275188e-24	4.51435024123e-05	4.4117173614e-16	4.15022936097e-07	0.322223405951	5.22712673091e-36	2.67599363671e-67	0.00293981572717	0.18235161124	0.0237784661239	0.322223405951	0.322223405951
GO:0044707	single-multicellular organism process	P	3476	85	99	0.322223405951	0.322223405951	1.44998149803e-14	0.322223405951	1.52749664958e-56	0.322223405951	0.108891880158	2.69559549647e-06	0.322223405951	0.0	0.322223405951	0.322223405951	0.322223405951	0.322223405951	0.322223405951	0.322223405951
GO:0006355	regulation of transcription, DNA-dependent	P	2064	122	97	0.322223405951	0.322223405951	5.40357648843e-39	0.322223405951	2.64984933466e-52	1.56920731669e-10	8.80576128874e-48	2.41364184703e-15	0.159386051975	3.17418284925e-40	6.84678596212e-114	2.16307208861e-11	0.0127683316054	0.159386051975	0.322223405951	0.322223405951
GO:0019438	aromatic compound biosynthetic process	P	1390	39	39	0.322223405951	0.322223405951	6.93215876995e-12	0.322223405951	7.55244004282e-19	0.322223405951	0.000277282512443	6.17428973095e-10	0.322223405951	0.0	0.0	0.322223405951	0.322223405951	0.322223405951	0.322223405951	0.322223405951
GO:0006952	defense response	P	1372	76	66	0.322223405951	0.322223405951	4.3675887999e-23	0.322223405951	2.12354112363e-26	1.22199523605e-08	0.21245964517	9.71299701542e-18	0.159386051975	1.9211952974e-37	1.22951997044e-70	0.00055667604589	0.0099491525424	0.124642807723	0.322223405951	0.322223405951
GO:0018130	heterocycle biosynthetic process	P	1162	11	14	0.322223405951	0.322223405951	0.322223405951	0.322223405951	0.322223405951	0.322223405951	0.322223405951	0.322223405951	0.322223405951	0.322223405951	0.322223405951	0.322223405951	0.322223405951	0.322223405951	0.322223405951	0.322223405951
GO:0048513	organ development	P	1828	21	31	0.322223405951	0.322223405951	0.0237784661239	0.322223405951	3.01058174987e-38	0.322223405951	6.67002455242e-38	0.322223405951	0.322223405951	0.0	0.322223405951	0.159386051975	0.322223405951	0.322223405951	0.322223405951	0.322223405951
GO:0042594	response to starvation	P	288	4	6	0.322223405951	0.322223405951	0.322223405951	0.322223405951	0.322223405951	0.322223405951	0.322223405951	0.322223405951	0.322223405951	0.322223405951	0.322223405951	0.322223405951	0.322223405951	0.322223405951	0.322223405951	0.322223405951
GO:2001141	regulation of RNA biosynthetic process	P	2064	122	97	0.322223405951	0.322223405951	4.88097015262e-37	0.322223405951	1.23516461403e-49	2.61980424791e-12	2.01106592985e-46	1.72119590182e-10	0.159386051975	9.57367741762e-36	3.66430108289e-91	4.78265066733e-09	0.00191735286375	0.0237784661239	0.322223405951	0.322223405951
GO:1901698	response to nitrogen compound	P	583	18	16	0.322223405951	0.322223405951	0.322223405951	0.322223405951	2.47827955826e-12	0.00114125514218	6.45387060038e-07	0.322223405951	0.322223405951	1.32014257015e-29	2.38217671316e-47	0.0237784661239	0.322223405951	0.322223405951	0.322223405951	0.322223405951
GO:0032870	cellular response to hormone stimulus	P	729	15	12	0.322223405951	0.322223405951	0.322223405951	0.322223405951	2.27051622852e-21	0.000645270056554	2.39601204286e-09	0.322223405951	0.322223405951	2.09664903022e-28	5.16560491863e-50	3.26468195294e-06	0.322223405951	0.322223405951	0.322223405951	0.322223405951
GO:0071369	cellular response to ethylene stimulus	P	130	9	7	0.322223405951	0.322223405951	0.322223405951	0.322223405951	6.25381917522e-17	0.00191735286375	1.52037937576e-05	0.322223405951	0.322223405951	1.11084322901e-30	1.7054077305e-59	3.18357195807e-05	0.322223405951	0.322223405951	0.322223405951	0.322223405951
GO:0033036	macromolecule localization	P	1427	6	8	0.322223405951	0.322223405951	0.322223405951	0.322223405951	0.322223405951	0.322223405951	0.322223405951	0.322223405951	0.322223405951	0.322223405951	0.322223405951	0.322223405951	0.322223405951	0.322223405951	0.322223405951	0.322223405951
GO:0051716	cellular response to stimulus	P	2765	94	85	0.322223405951	0.322223405951	3.80440422131e-15	0.322223405951	4.02839864817e-31	1.49448645105e-07	2.05076040297e-09	2.75511313723e-17	0.322223405951	1.04590544596e-39	5.19529334849e-76	4.46137906616e-05	0.0324477786167	0.000184693342872	0.322223405951	0.322223405951
GO:0044550	secondary metabolite biosynthetic process	P	388	6	8	0.322223405951	0.322223405951	0.322223405951	0.322223405951	0.322223405951	0.322223405951	0.322223405951	0.322223405951	0.322223405951	0.322223405951	0.322223405951	0.322223405951	0.322223405951	0.322223405951	0.322223405951	0.322223405951
GO:0007275	multicellular organismal development	P	3339	77	92	0.322223405951	0.322223405951	2.60261298991e-09	0.322223405951	2.38869746884e-48	0.322223405951	0.00382548323163	1.37571086235e-05	0.322223405951	2.13349415432e-61	0.322223405951	0.322223405951	0.322223405951	0.322223405951	0.322223405951	0.322223405951
GO:0044767	single-organism developmental process	P	2464	25	36	0.322223405951	0.322223405951	0.000432446749279	0.322223405951	6.74692016594e-40	0.322223405951	4.61371996969e-18	0.0831989669294	0.322223405951	8.83972629e-51	0.322223405951	0.322223405951	0.322223405951	0.322223405951	0.322223405951	0.322223405951
GO:1901700	response to oxygen-containing compound	P	2251	102	96	0.322223405951	0.322223405951	0.446985362543	0.322223405951	3.45445749829e-34	1.95070464346e-06	3.38507003935e-20	1.50418843689e-16	0.159386051975	5.51500133555e-41	1.65658321128e-75	9.32636029502e-05	0.0193301128275	1.46601424401e-22	0.322223405951	0.322223405951
GO:1901701	cellular response to oxygen-containing compound	P	874	7	9	0.322223405951	0.322223405951	0.322223405951	0.322223405951	1.23462254137e-24	0.322223405951	0.322223405951	0.322223405951	0.322223405951	0.322223405951	0.322223405951	0.322223405951	0.322223405951	0.322223405951	0.322223405951	0.322223405951
GO:0009314	response to radiation	P	1163	33	37	0.322223405951	0.322223405951	1.85460191611e-17	0.322223405951	2.08079503272e-36	0.322223405951	1.28379660884e-14	0.00683340014957	0.322223405951	0.322223405951	0.322223405951	0.322223405951	0.322223405951	0.322223405951	0.322223405951	0.322223405951
GO:0009058	biosynthetic process	P	4585	118	100	0.322223405951	0.322223405951	3.83756148599e-26	0.322223405951	2.30136545519e-36	0.0324477786167	2.48001445426e-09	6.50185816279e-19	0.322223405951	2.29876897583e-51	0.0	0.322223405951	0.322223405951	0.0579656115364	0.322223405951	0.322223405951
GO:0051171	regulation of nitrogen compound metabolic process	P	2230	124	100	0.322223405951	0.322223405951	2.70195720504e-41	0.322223405951	2.02927356766e-54	3.42923330394e-10	1.42321230772e-49	1.58648956174e-11	0.0237784661239	1.3650432621e-36	8.08054423417e-98	1.39718820249e-07	0.00191735286375	0.159386051975	0.322223405951	0.322223405951
GO:0032787	monocarboxylic acid metabolic process	P	1295	6	11	0.322223405951	0.322223405951	0.322223405951	0.322223405951	0.322223405951	0.322223405951	0.322223405951	0.322223405951	0.322223405951	0.322223405951	0.322223405951	0.322223405951	0.322223405951	0.322223405951	0.322223405951	0.322223405951
GO:0016043	cellular component organization	P	3139	29	31	0.322223405951	0.322223405951	1.40931355341e-12	0.322223405951	1.59361295797e-22	0.322223405951	2.74460421338e-07	7.75182336878e-05	0.322223405951	0.0	0.322223405951	0.322223405951	0.322223405951	0.322223405951	0.322223405951	0.322223405951
GO:0044283	small molecule biosynthetic process	P	1431	29	33	0.322223405951	0.322223405951	0.159386051975	0.322223405951	5.50410605318e-18	0.0443151771535	6.09266404935e-16	0.322223405951	0.322223405951	1.76767462915e-36	0.0	0.322223405951	0.322223405951	0.322223405951	0.322223405951	0.322223405951
GO:0009991	response to extracellular stimulus	P	346	4	6	0.322223405951	0.322223405951	0.322223405951	0.322223405951	0.322223405951	0.322223405951	0.322223405951	0.322223405951	0.322223405951	0.322223405951	0.322223405951	0.322223405951	0.322223405951	0.322223405951	0.322223405951	0.322223405951
GO:0000003	reproduction	P	2092	9	12	0.322223405951	0.322223405951	0.000516928494134	0.322223405951	3.10847102536e-24	0.322223405951	3.85412736529e-06	0.0237784661239	0.322223405951	2.71690605285e-43	0.322223405951	0.322223405951	0.322223405951	0.322223405951	0.322223405951	0.322223405951
GO:0006950	response to stress	P	3738	179	155	0.322223405951	0.322223405951	0.000565818366235	0.322223405951	3.45187380388e-46	0.000716240752021	5.61503779261e-21	5.71058602272e-16	0.159386051975	1.7111847893e-53	0.0	0.00293981572717	0.322223405951	5.70612267335e-41	0.322223405951	0.322223405951
GO:0010556	regulation of macromolecule biosynthetic process	P	2172	134	100	0.322223405951	0.322223405951	6.45873382362e-42	0.322223405951	3.10541985422e-53	2.73470739508e-12	9.09760858836e-48	9.37600960681e-19	0.0579656115364	2.41919775814e-34	5.02264566387e-95	1.10579278177e-11	0.000846491951348	0.00348395324264	0.18235161124	0.322223405951
GO:0033993	response to lipid	P	772	5	7	0.322223405951	0.322223405951	0.322223405951	0.322223405951	4.14128576761e-12	0.322223405951	1.76721887674e-08	0.322223405951	0.322223405951	1.46601424401e-22	0.322223405951	0.322223405951	0.322223405951	0.322223405951	0.322223405951	0.322223405951
GO:0045087	innate immune response	P	682	14	13	0.322223405951	0.322223405951	7.35599980716e-23	0.322223405951	0.322223405951	0.322223405951	8.38340738839e-27	0.322223405951	0.322223405951	0.322223405951	0.322223405951	0.322223405951	0.322223405951	0.322223405951	0.322223405951	0.322223405951
GO:0010035	response to inorganic substance	P	1092	10	12	0.322223405951	0.322223405951	3.03724515544e-09	0.322223405951	3.13775923268e-18	0.322223405951	0.00363470385034	0.018040323892	0.322223405951	2.71690605285e-43	0.322223405951	0.322223405951	0.322223405951	0.322223405951	0.322223405951	0.322223405951
GO:0010033	response to organic substance	P	2565	117	113	0.322223405951	0.322223405951	3.70309961559e-12	0.322223405951	1.28517268788e-41	8.77953653112e-07	5.19648208913e-34	2.12034903194e-13	0.322223405951	1.41434152956e-50	7.09106839455e-91	9.32636029502e-05	0.0324477786167	0.0831989669294	0.322223405951	0.322223405951
GO:0009719	response to endogenous stimulus	P	1671	56	53	0.322223405951	0.322223405951	1.14174982099e-15	0.322223405951	1.13358884826e-29	9.2183728577e-09	8.37270780386e-27	1.92999799284e-05	0.159386051975	4.96731039629e-35	6.29021393373e-66	7.7913803534e-05	0.000335140847169	0.0237784661239	0.0324477786167	0.322223405951
GO:0010015	root morphogenesis	P	410	4	4	0.322223405951	0.322223405951	0.322223405951	0.322223405951	3.18357195807e-05	0.322223405951	3.18357195807e-05	0.322223405951	0.322223405951	4.58988998979e-13	0.322223405951	0.322223405951	0.322223405951	0.322223405951	0.322223405951	0.322223405951
GO:0002679	respiratory burst involved in defense response	P	121	10	7	0.322223405951	0.322223405951	0.0831989669294	0.322223405951	6.47091422235e-16	0.000222086938225	3.73491444385e-08	0.322223405951	0.322223405951	1.25668248415e-29	3.28700876738e-52	2.40124185801e-05	0.322223405951	0.322223405951	0.322223405951	0.322223405951
GO:0035556	intracellular signal transduction	P	546	17	16	0.322223405951	0.322223405951	4.42906086318e-11	0.322223405951	1.68180692048e-18	1.03039009438e-05	3.72634517045e-05	4.77706886795e-05	0.322223405951	9.8958812627e-38	3.37883741489e-70	0.0237784661239	0.322223405951	0.322223405951	0.322223405951	0.322223405951
GO:0014070	response to organic cyclic compound	P	819	10	15	0.322223405951	0.322223405951	0.00100132738394	0.322223405951	2.02298440841e-30	0.322223405951	0.00191735286375	0.0237784661239	0.322223405951	0.322223405951	0.322223405951	0.322223405951	0.322223405951	0.322223405951	0.322223405951	0.322223405951
GO:0009733	response to auxin stimulus	P	374	5	6	0.322223405951	0.322223405951	0.322223405951	0.322223405951	3.16879335733e-09	0.322223405951	3.18357195807e-05	0.322223405951	0.322223405951	3.77193177738e-26	0.322223405951	0.322223405951	0.322223405951	0.322223405951	0.322223405951	0.322223405951
GO:0019219	regulation of nucleobase-containing compound metabolic process	P	2208	123	98	0.322223405951	0.322223405951	3.33749663982e-40	0.322223405951	2.51042629675e-53	4.60594125981e-12	9.9961099887e-48	5.36646738979e-18	0.322223405951	9.83495914758e-39	4.07299718039e-100	1.79333214862e-10	0.000829991969818	0.0831989669294	0.322223405951	0.322223405951
GO:0019748	secondary metabolic process	P	695	11	16	0.322223405951	0.322223405951	0.322223405951	0.322223405951	0.322223405951	0.322223405951	0.322223405951	0.322223405951	0.322223405951	0.322223405951	0.322223405951	0.322223405951	0.322223405951	0.322223405951	0.322223405951	0.322223405951
GO:0007165	signal transduction	P	1748	38	39	0.322223405951	0.322223405951	0.0100033305237	0.322223405951	4.5666842464e-27	2.27471178277e-05	4.12942366492e-17	1.73764645315e-08	0.322223405951	2.43498539393e-32	2.52982756439e-63	0.0099491525424	0.322223405951	0.0237784661239	0.322223405951	0.322223405951
GO:0016740	transferase activity	M	2708	19	21	0.322223405951	0.322223405951	0.322223405951	0.322223405951	0.322223405951	0.322223405951	0.322223405951	0.322223405951	0.322223405951	0.322223405951	0.322223405951	0.322223405951	0.322223405951	0.322223405951	0.322223405951	0.322223405951
GO:0046394	carboxylic acid biosynthetic process	P	1119	22	25	0.322223405951	0.322223405951	0.159386051975	0.322223405951	9.50292443201e-11	0.159386051975	1.85964060819e-08	0.322223405951	0.322223405951	9.53470723111e-39	0.0	0.322223405951	0.322223405951	0.322223405951	0.322223405951	0.322223405951
GO:0048856	anatomical structure development	P	2974	45	57	0.322223405951	0.322223405951	3.18357195807e-05	0.322223405951	5.933369074e-45	0.322223405951	8.58640126874e-27	0.0443151771535	0.322223405951	4.22944184335e-58	0.322223405951	0.322223405951	0.322223405951	0.322223405951	0.322223405951	0.322223405951
GO:0043169	cation binding	M	2474	31	35	0.322223405951	0.322223405951	1.64988606403e-10	0.322223405951	4.67831889223e-24	0.322223405951	1.73116196e-05	0.00157177540832	0.322223405951	5.61928480542e-37	0.322223405951	0.322223405951	0.322223405951	0.322223405951	0.322223405951	0.322223405951
GO:0009755	hormone-mediated signaling pathway	P	693	15	12	0.322223405951	0.322223405951	0.159386051975	0.322223405951	2.15643388609e-19	5.57108661587e-05	1.13044874977e-07	0.322223405951	0.322223405951	7.93499640097e-29	7.16712703269e-47	1.90769611887e-05	0.322223405951	0.322223405951	0.322223405951	0.322223405951
GO:0009753	response to jasmonic acid stimulus	P	461	13	12	0.322223405951	0.322223405951	0.322223405951	0.322223405951	1.12117395178e-13	0.322223405951	0.322223405951	0.322223405951	0.322223405951	9.31083093274e-30	2.71690605285e-43	0.322223405951	0.322223405951	0.322223405951	0.322223405951	0.322223405951
GO:1901576	organic substance biosynthetic process	P	4348	116	97	0.322223405951	0.322223405951	6.50212123074e-27	0.322223405951	5.39290794782e-38	0.0831989669294	4.3799185126e-10	4.97094582378e-17	0.322223405951	1.89928522812e-54	0.0	0.159386051975	0.322223405951	0.18235161124	0.322223405951	0.322223405951
GO:0044267	cellular protein metabolic process	P	3355	5	7	0.322223405951	0.322223405951	0.322223405951	0.322223405951	0.322223405951	0.322223405951	0.322223405951	0.322223405951	0.322223405951	0.322223405951	0.322223405951	0.322223405951	0.322223405951	0.322223405951	0.322223405951	0.322223405951
GO:0045730	respiratory burst	P	121	10	7	0.322223405951	0.322223405951	0.0831989669294	0.322223405951	5.21017044266e-16	1.30845127355e-05	8.69171702485e-10	0.322223405951	0.322223405951	1.36746250602e-24	4.76961627427e-40	6.63373044022e-09	0.322223405951	0.322223405951	0.322223405951	0.322223405951
GO:0000160	phosphorelay signal transduction system	P	152	9	7	0.322223405951	0.322223405951	0.322223405951	0.322223405951	1.35769743832e-13	0.322223405951	0.00100132738394	0.322223405951	0.322223405951	2.29433662913e-24	2.08079503272e-36	0.00100132738394	0.322223405951	0.322223405951	0.322223405951	0.322223405951
GO:0000165	MAPK cascade	P	206	4	5	0.322223405951	0.322223405951	0.322223405951	0.322223405951	0.322223405951	0.322223405951	0.322223405951	0.322223405951	0.322223405951	0.322223405951	0.322223405951	0.322223405951	0.322223405951	0.322223405951	0.322223405951	0.322223405951
GO:0019538	protein metabolic process	P	3746	7	10	0.322223405951	0.322223405951	0.322223405951	0.322223405951	0.322223405951	0.322223405951	0.322223405951	0.322223405951	0.322223405951	0.322223405951	0.322223405951	0.322223405951	0.322223405951	0.322223405951	0.322223405951	0.322223405951
GO:0006796	phosphate-containing compound metabolic process	P	2292	9	12	0.322223405951	0.322223405951	0.000829991969818	0.322223405951	0.322223405951	0.322223405951	0.00121258106213	0.322223405951	0.322223405951	0.322223405951	0.322223405951	0.322223405951	0.322223405951	0.322223405951	0.322223405951	0.322223405951
GO:0006793	phosphorus metabolic process	P	2380	9	12	0.322223405951	0.322223405951	5.58946639858e-07	0.322223405951	0.322223405951	0.322223405951	3.2073829819e-07	0.322223405951	0.322223405951	0.322223405951	0.322223405951	0.322223405951	0.322223405951	0.322223405951	0.322223405951	0.322223405951
GO:0048869	cellular developmental process	P	1277	7	13	0.322223405951	0.322223405951	0.322223405951	0.322223405951	0.322223405951	0.322223405951	0.322223405951	0.322223405951	0.322223405951	0.322223405951	0.322223405951	0.322223405951	0.322223405951	0.322223405951	0.322223405951	0.322223405951
GO:0006812	cation transport	P	769	5	6	0.322223405951	0.322223405951	7.21193074571e-12	0.322223405951	0.322223405951	0.322223405951	7.21193074571e-12	0.322223405951	0.322223405951	0.322223405951	0.322223405951	0.322223405951	0.322223405951	0.322223405951	0.322223405951	0.322223405951
GO:0006811	ion transport	P	1106	10	11	0.322223405951	0.322223405951	3.565189611e-12	0.322223405951	0.322223405951	0.322223405951	1.24167021369e-12	0.322223405951	0.322223405951	0.322223405951	0.322223405951	0.322223405951	0.322223405951	0.322223405951	0.322223405951	0.322223405951
GO:0006810	transport	P	3164	36	42	0.322223405951	0.322223405951	5.76319524021e-09	0.322223405951	0.322223405951	0.322223405951	3.95690404477e-08	0.322223405951	0.322223405951	0.322223405951	0.322223405951	0.322223405951	0.322223405951	0.322223405951	0.322223405951	0.322223405951
GO:0071702	organic substance transport	P	1775	6	10	0.322223405951	0.322223405951	0.322223405951	0.322223405951	0.322223405951	0.322223405951	0.322223405951	0.322223405951	0.322223405951	0.322223405951	0.322223405951	0.322223405951	0.322223405951	0.322223405951	0.322223405951	0.322223405951
GO:0009791	post-embryonic development	P	1854	8	11	0.322223405951	0.322223405951	0.0831989669294	0.322223405951	8.70917218252e-26	0.322223405951	0.0831989669294	0.322223405951	0.322223405951	0.322223405951	0.322223405951	0.322223405951	0.322223405951	0.322223405951	0.322223405951	0.322223405951
GO:0046483	heterocycle metabolic process	P	3135	37	41	0.322223405951	0.322223405951	0.322223405951	0.322223405951	0.322223405951	0.322223405951	0.322223405951	0.322223405951	0.322223405951	0.322223405951	0.322223405951	0.322223405951	0.322223405951	0.322223405951	0.322223405951	0.322223405951
GO:0009409	response to cold	P	604	4	5	0.322223405951	0.322223405951	0.322223405951	0.322223405951	6.07528927122e-21	0.322223405951	0.322223405951	0.322223405951	0.322223405951	0.322223405951	0.322223405951	0.322223405951	0.322223405951	0.322223405951	0.322223405951	0.322223405951
GO:0009408	response to heat	P	293	4	7	0.322223405951	0.322223405951	0.322223405951	0.322223405951	0.322223405951	0.322223405951	0.322223405951	0.322223405951	0.322223405951	0.322223405951	0.322223405951	0.322223405951	0.322223405951	0.322223405951	0.322223405951	0.322223405951
GO:0005515	protein binding	M	2295	39	46	0.322223405951	0.322223405951	4.43679810259e-22	0.322223405951	2.38435740154e-40	0.00174856370087	3.4360364455e-34	0.00363470385034	0.322223405951	3.8052372647e-33	6.42288484319e-73	0.00683340014957	0.322223405951	0.322223405951	0.322223405951	0.322223405951
GO:0003006	developmental process involved in reproduction	P	1841	9	12	0.322223405951	0.322223405951	0.00100132738394	0.322223405951	4.89066005809e-23	0.322223405951	3.65428956384e-06	0.0443151771535	0.322223405951	1.35589531974e-31	0.322223405951	0.322223405951	0.322223405951	0.322223405951	0.322223405951	0.322223405951
GO:0016301	kinase activity	M	1241	13	14	0.322223405951	0.322223405951	0.322223405951	0.322223405951	0.322223405951	0.322223405951	0.322223405951	0.322223405951	0.322223405951	0.322223405951	0.322223405951	0.322223405951	0.322223405951	0.322223405951	0.322223405951	0.322223405951
GO:0006082	organic acid metabolic process	P	1838	27	31	0.322223405951	0.322223405951	5.77805442881e-09	0.322223405951	3.58924729523e-13	0.322223405951	0.000348463553295	0.00363470385034	0.322223405951	3.69957052239e-37	0.0	0.322223405951	0.322223405951	0.322223405951	0.322223405951	0.322223405951
GO:0031326	regulation of cellular biosynthetic process	P	2301	146	111	0.322223405951	0.322223405951	3.59285056693e-39	0.322223405951	7.95119229029e-51	2.37361824438e-11	1.09164120969e-46	5.60846872197e-18	0.0831989669294	3.07935920486e-35	3.0327273547e-103	2.02835637803e-10	0.000187063188113	0.00191735286375	0.159386051975	0.322223405951
GO:0031323	regulation of cellular metabolic process	P	2628	230	165	0.322223405951	0.322223405951	5.14884791142e-40	0.322223405951	6.50766778079e-60	5.57054339662e-09	1.51120258306e-31	7.20883981097e-26	0.00683340014957	4.27830317041e-54	1.20090787488e-127	1.40772435349e-06	0.018040323892	0.018040323892	0.322223405951	0.322223405951
GO:0005576	extracellular region	C	1978	6	7	0.322223405951	0.322223405951	0.322223405951	0.322223405951	0.322223405951	0.322223405951	0.322223405951	0.322223405951	0.322223405951	0.322223405951	0.322223405951	0.322223405951	0.322223405951	0.322223405951	0.322223405951	0.322223405951
GO:0002252	immune effector process	P	274	10	7	0.322223405951	0.322223405951	0.322223405951	0.322223405951	1.7856789501e-13	0.000193839480402	1.1642531959e-05	0.322223405951	0.322223405951	4.80785002358e-25	1.04933924326e-43	2.72910795787e-05	0.322223405951	0.322223405951	0.322223405951	0.322223405951
GO:0006955	immune response	P	687	14	13	0.322223405951	0.322223405951	1.21784684106e-21	0.322223405951	0.322223405951	0.322223405951	1.65082903612e-24	0.322223405951	0.322223405951	0.322223405951	0.322223405951	0.322223405951	0.322223405951	0.322223405951	0.322223405951	0.322223405951
GO:0051252	regulation of RNA metabolic process	P	2074	122	97	0.322223405951	0.322223405951	4.5949979588e-38	0.322223405951	5.97323998186e-51	2.50631321793e-10	1.00918892409e-45	1.47329101056e-14	0.159386051975	1.09219508113e-35	6.77653935516e-104	2.59817638454e-12	0.00549071575941	0.322223405951	0.322223405951	0.322223405951
GO:0015698	inorganic anion transport	P	289	5	6	0.322223405951	0.322223405951	6.63373044022e-09	0.322223405951	0.322223405951	0.322223405951	6.63373044022e-09	0.322223405951	0.322223405951	0.322223405951	0.322223405951	0.322223405951	0.322223405951	0.322223405951	0.322223405951	0.322223405951
GO:0051641	cellular localization	P	1516	5	6	0.322223405951	0.322223405951	0.322223405951	0.322223405951	0.322223405951	0.322223405951	0.322223405951	0.322223405951	0.322223405951	0.322223405951	0.322223405951	0.322223405951	0.322223405951	0.322223405951	0.322223405951	0.322223405951
GO:0009873	ethylene mediated signaling pathway	P	112	9	7	0.322223405951	0.322223405951	0.322223405951	0.322223405951	2.31214135021e-14	0.0237784661239	3.18357195807e-05	0.322223405951	0.322223405951	1.44405468482e-29	2.51023095097e-52	0.00013234126807	0.322223405951	0.322223405951	0.322223405951	0.322223405951
GO:0044248	cellular catabolic process	P	1519	6	9	0.322223405951	0.322223405951	0.322223405951	0.322223405951	0.322223405951	0.322223405951	0.322223405951	0.322223405951	0.322223405951	0.322223405951	0.322223405951	0.322223405951	0.322223405951	0.322223405951	0.322223405951	0.322223405951
GO:0044249	cellular biosynthetic process	P	4179	105	92	0.322223405951	0.322223405951	8.61501031078e-26	0.322223405951	3.30703407138e-33	0.0237784661239	1.93088324135e-06	3.62963162129e-15	0.322223405951	8.78173163892e-43	0.0	0.159386051975	0.322223405951	0.0443151771535	0.322223405951	0.322223405951
GO:0009651	response to salt stress	P	736	9	13	0.322223405951	0.322223405951	0.00174856370087	0.322223405951	0.322223405951	0.322223405951	0.00100132738394	0.322223405951	0.322223405951	0.322223405951	0.322223405951	0.322223405951	0.322223405951	0.322223405951	0.322223405951	0.322223405951
GO:0009653	anatomical structure morphogenesis	P	1587	19	28	0.322223405951	0.322223405951	0.159386051975	0.322223405951	5.3229180685e-34	0.322223405951	2.32513209538e-26	0.322223405951	0.322223405951	1.15257191614e-34	0.322223405951	0.322223405951	0.322223405951	0.322223405951	0.322223405951	0.322223405951
