GO:0007623	circadian rhythm	P	132	6	6	0.322223405951	0.322223405951	0.0127683316054	0.322223405951	2.95632960701e-18	0.00191735286375	0.0127683316054	0.00683340014957	0.322223405951	0.00191735286375	0.0	0.322223405951	0.322223405951	0.322223405951	0.322223405951	0.322223405951
GO:0006629	lipid metabolic process	P	1654	4	6	0.322223405951	0.322223405951	0.322223405951	0.322223405951	0.322223405951	0.322223405951	0.322223405951	0.322223405951	0.322223405951	0.322223405951	0.322223405951	0.322223405951	0.322223405951	0.322223405951	0.322223405951	0.322223405951
GO:0006970	response to osmotic stress	P	784	10	14	0.322223405951	0.322223405951	0.00180819322898	0.322223405951	0.322223405951	0.322223405951	0.00191735286375	0.322223405951	0.322223405951	0.322223405951	0.322223405951	0.322223405951	0.322223405951	0.322223405951	0.322223405951	0.322223405951
GO:0006979	response to oxidative stress	P	593	10	13	0.322223405951	0.322223405951	0.00013234126807	0.322223405951	0.322223405951	0.322223405951	0.000178845597979	0.322223405951	0.322223405951	0.322223405951	0.322223405951	0.322223405951	0.322223405951	0.322223405951	0.322223405951	0.322223405951
GO:0044710	single-organism metabolic process	P	4559	228	187	0.322223405951	0.322223405951	3.91219901509e-30	0.322223405951	1.15944872817e-45	0.0220534169512	8.9032322051e-25	2.49967384547e-23	0.322223405951	8.14305995179e-59	0.0	0.322223405951	0.322223405951	1.15257191614e-34	0.322223405951	0.322223405951
GO:0044711	single-organism biosynthetic process	P	1681	111	95	0.322223405951	0.322223405951	1.22542365893e-28	0.322223405951	9.58703483792e-24	0.322223405951	5.67792664314e-22	1.5950534e-18	0.322223405951	1.74530327556e-55	0.0	0.322223405951	0.322223405951	0.0	0.322223405951	0.322223405951
GO:0009814	defense response, incompatible interaction	P	520	18	15	0.322223405951	0.322223405951	4.60999968364e-21	0.322223405951	0.322223405951	0.322223405951	3.79086859193e-21	0.322223405951	0.322223405951	0.322223405951	0.322223405951	0.322223405951	0.322223405951	0.322223405951	0.322223405951	0.322223405951
GO:0009056	catabolic process	P	1989	10	13	0.322223405951	0.322223405951	2.82640874111e-06	0.322223405951	0.322223405951	0.322223405951	2.1697586343e-06	0.322223405951	0.322223405951	0.322223405951	0.322223405951	0.322223405951	0.322223405951	0.322223405951	0.322223405951	0.322223405951
GO:0009507	chloroplast	C	3383	4	6	0.322223405951	0.322223405951	0.322223405951	0.322223405951	0.322223405951	0.322223405951	0.322223405951	0.322223405951	0.322223405951	0.322223405951	0.322223405951	0.322223405951	0.322223405951	0.322223405951	0.322223405951	0.322223405951
GO:0048731	system development	P	2432	81	89	0.322223405951	0.322223405951	0.0310722781006	0.322223405951	9.45558938349e-41	0.159386051975	5.8190161676e-32	1.48626427026e-05	0.322223405951	1.60173386579e-46	0.0	0.322223405951	0.322223405951	0.322223405951	0.322223405951	0.322223405951
GO:1901362	organic cyclic compound biosynthetic process	P	1640	62	60	0.322223405951	0.322223405951	1.35341502067e-15	0.322223405951	7.7717225766e-21	0.322223405951	5.12855283609e-09	1.47335399879e-12	0.322223405951	2.5330754607e-59	0.0	0.159386051975	0.322223405951	4.22944184335e-58	0.322223405951	0.322223405951
GO:1901360	organic cyclic compound metabolic process	P	3635	106	102	0.322223405951	0.322223405951	4.21961210912e-20	0.322223405951	1.07967572465e-25	0.0831989669294	7.97308966191e-17	1.87655789173e-14	0.322223405951	3.04702069716e-42	0.0	0.322223405951	0.322223405951	0.0	0.322223405951	0.322223405951
GO:0043436	oxoacid metabolic process	P	1837	42	44	0.322223405951	0.322223405951	4.65720162492e-09	0.322223405951	1.29975287635e-15	0.159386051975	0.000197403621924	1.53983219504e-08	0.322223405951	5.79183310549e-42	0.0	0.322223405951	0.322223405951	1.59777077328e-46	0.322223405951	0.322223405951
GO:0008270	zinc ion binding	M	1238	20	22	0.322223405951	0.322223405951	1.88355595703e-11	0.322223405951	1.83137783445e-30	0.000354984877774	1.04281383963e-18	0.00683340014957	0.322223405951	2.41600232917e-21	8.83972629e-51	0.0324477786167	0.322223405951	0.322223405951	0.322223405951	0.322223405951
GO:0003676	nucleic acid binding	M	2645	245	154	0.322223405951	0.322223405951	8.60187612754e-44	0.322223405951	2.05178273638e-56	4.01769392687e-19	1.75256129364e-51	8.69149524988e-29	5.61416526054e-06	1.87360127566e-49	6.22475372769e-95	1.3871023812e-14	6.63373044022e-09	6.03735405679e-05	0.0127683316054	0.0
GO:0003677	DNA binding	M	1647	167	96	0.322223405951	0.322223405951	2.61694458929e-44	0.322223405951	5.13210543307e-53	9.07734855815e-20	1.86752464035e-49	6.56743950719e-22	0.000354984877774	2.41160229291e-30	2.62138972843e-97	2.39206137643e-24	4.42534393088e-10	6.77501349114e-06	0.0310373447094	2.71690605285e-43
GO:0009642	response to light intensity	P	267	9	10	0.322223405951	0.322223405951	8.29873136687e-10	0.322223405951	0.322223405951	0.322223405951	4.44576462621e-10	0.322223405951	0.322223405951	0.322223405951	0.322223405951	0.322223405951	0.322223405951	0.322223405951	0.322223405951	0.322223405951
GO:0051239	regulation of multicellular organismal process	P	699	4	6	0.322223405951	0.322223405951	0.322223405951	0.322223405951	3.92453987656e-17	0.322223405951	0.322223405951	0.322223405951	0.322223405951	0.322223405951	0.322223405951	0.322223405951	0.322223405951	0.322223405951	0.322223405951	0.322223405951
GO:0051234	establishment of localization	P	3247	77	80	0.322223405951	0.322223405951	1.61517664627e-18	0.322223405951	3.50251410762e-34	0.322223405951	9.49778125191e-19	0.00363470385034	0.322223405951	0.322223405951	0.322223405951	0.322223405951	0.322223405951	0.322223405951	0.322223405951	0.322223405951
GO:0090407	organophosphate biosynthetic process	P	794	8	9	0.322223405951	0.322223405951	0.322223405951	0.322223405951	0.322223405951	0.322223405951	0.322223405951	0.322223405951	0.322223405951	0.322223405951	0.322223405951	0.322223405951	0.322223405951	0.322223405951	0.322223405951	0.322223405951
GO:0061458	reproductive system development	P	1447	14	17	0.322223405951	0.322223405951	1.46342071252e-06	0.322223405951	1.00735980278e-22	0.00100132738394	2.56537346719e-19	0.322223405951	0.322223405951	8.68948349032e-22	2.71690605285e-43	0.0237784661239	0.322223405951	0.322223405951	0.322223405951	0.322223405951
GO:0048518	positive regulation of biological process	P	931	11	15	0.322223405951	0.322223405951	0.322223405951	0.322223405951	2.98649993988e-19	0.322223405951	2.57342139324e-11	0.322223405951	0.322223405951	1.46601424401e-22	0.322223405951	0.322223405951	0.322223405951	0.322223405951	0.322223405951	0.322223405951
GO:0048519	negative regulation of biological process	P	1141	31	27	0.322223405951	0.322223405951	0.454060769293	0.322223405951	2.46475578523e-25	3.15115299551e-07	5.27322673662e-19	5.50534041255e-09	0.322223405951	1.65861014285e-33	5.26598375652e-66	0.00157177540832	0.159386051975	0.0443151771535	0.159386051975	0.322223405951
GO:0002376	immune system process	P	817	47	36	0.322223405951	0.322223405951	5.18039734809e-27	0.322223405951	2.45053677016e-22	0.00282572211375	0.0633686257387	1.72066967443e-15	0.322223405951	2.69336391896e-53	7.27425783604e-85	0.159386051975	0.322223405951	0.0310373447094	0.322223405951	0.322223405951
GO:0048646	anatomical structure formation involved in morphogenesis	P	1348	34	46	0.322223405951	0.322223405951	1.52037937576e-05	0.322223405951	8.83972629e-51	0.322223405951	6.22833547602e-05	0.322223405951	0.322223405951	0.322223405951	0.322223405951	0.322223405951	0.322223405951	0.322223405951	0.322223405951	0.322223405951
GO:0071495	cellular response to endogenous stimulus	P	733	32	27	0.322223405951	0.322223405951	1.30312195636e-07	0.322223405951	6.79501264785e-21	6.0501677542e-11	1.01325191067e-08	4.0281526975e-07	0.159386051975	7.65705660138e-35	2.54668377917e-63	5.57108661587e-05	0.000263427746826	0.0127683316054	0.0127683316054	0.322223405951
GO:0071496	cellular response to external stimulus	P	329	7	8	0.322223405951	0.322223405951	7.42153624728e-13	0.322223405951	0.322223405951	0.322223405951	3.41216048091e-12	0.322223405951	0.322223405951	0.322223405951	0.322223405951	0.322223405951	0.322223405951	0.322223405951	0.322223405951	0.322223405951
GO:0007243	intracellular protein kinase cascade	P	221	5	6	0.322223405951	0.322223405951	2.57342139324e-11	0.322223405951	0.322223405951	0.322223405951	2.57342139324e-11	0.322223405951	0.322223405951	0.322223405951	0.322223405951	0.322223405951	0.322223405951	0.322223405951	0.322223405951	0.322223405951
GO:0022621	shoot system development	P	588	6	9	0.322223405951	0.322223405951	0.0831989669294	0.322223405951	0.322223405951	0.322223405951	0.0831989669294	0.322223405951	0.322223405951	0.322223405951	0.322223405951	0.322223405951	0.322223405951	0.322223405951	0.322223405951	0.322223405951
GO:0002682	regulation of immune system process	P	420	4	7	0.322223405951	0.322223405951	0.322223405951	0.322223405951	0.322223405951	0.322223405951	0.322223405951	0.322223405951	0.322223405951	0.322223405951	0.322223405951	0.322223405951	0.322223405951	0.322223405951	0.322223405951	0.322223405951
GO:0050794	regulation of cellular process	P	4357	712	421	0.322223405951	0.322223405951	1.14914814722e-42	0.322223405951	6.6609826095e-70	1.52535868955e-12	4.16669154468e-50	2.75686105873e-41	0.00794327877234	7.60750359928e-70	5.1981676467e-133	2.70327612028e-12	0.000625201827511	1.57534628088e-13	0.322223405951	0.0
GO:0051707	response to other organism	P	1346	82	69	0.322223405951	0.322223405951	1.18767802417e-37	0.322223405951	2.95291424991e-20	0.000629608348409	6.53675353714e-27	2.53359174899e-16	0.322223405951	1.35763560879e-39	1.48686277837e-58	0.0237784661239	0.159386051975	2.11896599746e-29	0.322223405951	0.322223405951
GO:0051704	multi-organism process	P	1697	94	79	0.322223405951	0.322223405951	3.49072648062e-35	0.322223405951	2.62753477427e-22	9.69805955527e-05	2.62531138497e-24	2.70045911093e-18	0.322223405951	1.34057014992e-41	1.14331090873e-65	0.0237784661239	0.322223405951	3.49376020696e-26	0.322223405951	0.322223405951
GO:0070887	cellular response to chemical stimulus	P	1308	68	59	0.322223405951	0.322223405951	0.184346995461	0.322223405951	7.13332618625e-32	3.42787641895e-12	3.97227300829e-22	3.01847912562e-16	0.322223405951	1.11543674453e-37	6.04059313149e-67	0.000364694438395	5.58540189976e-05	0.000112302299792	0.0237784661239	0.322223405951
GO:0071840	cellular component organization or biogenesis	P	3586	71	76	0.322223405951	0.322223405951	4.28753256924e-15	0.322223405951	8.99384073114e-41	0.322223405951	3.51820894449e-05	6.88566808285e-06	0.322223405951	0.0	0.322223405951	0.322223405951	0.322223405951	0.322223405951	0.322223405951	0.322223405951
GO:0016053	organic acid biosynthetic process	P	1119	34	36	0.322223405951	0.322223405951	1.14309197242e-11	0.322223405951	1.78580359118e-12	0.0831989669294	1.42114911339e-07	1.8770012312e-07	0.322223405951	2.87819197055e-39	0.0	0.322223405951	0.322223405951	1.6038120569e-43	0.322223405951	0.322223405951
GO:0019637	organophosphate metabolic process	P	1114	25	26	0.322223405951	0.322223405951	5.01421415472e-25	0.322223405951	0.322223405951	0.322223405951	2.04370204485e-25	0.322223405951	0.322223405951	0.322223405951	0.322223405951	0.322223405951	0.322223405951	0.322223405951	0.322223405951	0.322223405951
GO:0006725	cellular aromatic compound metabolic process	P	3416	105	101	0.322223405951	0.322223405951	2.030946346e-26	0.322223405951	5.72538857474e-30	0.322223405951	4.02913885143e-19	3.32596715261e-16	0.322223405951	7.17405936043e-59	0.0	0.322223405951	0.322223405951	0.0	0.322223405951	0.322223405951
GO:0070727	cellular macromolecule localization	P	1064	11	13	0.322223405951	0.322223405951	0.322223405951	0.322223405951	5.03497645407e-10	0.322223405951	1.82082069677e-09	0.322223405951	0.322223405951	1.46601424401e-22	0.322223405951	0.322223405951	0.322223405951	0.322223405951	0.322223405951	0.322223405951
GO:0022622	root system development	P	557	11	12	0.322223405951	0.322223405951	8.64072454073e-11	0.322223405951	5.38275422644e-08	0.322223405951	0.707019105361	0.00363470385034	0.322223405951	1.16016946284e-24	0.322223405951	0.322223405951	0.322223405951	0.159386051975	0.322223405951	0.322223405951
GO:0065008	regulation of biological quality	P	1086	9	11	0.322223405951	0.322223405951	0.322223405951	0.322223405951	0.322223405951	0.322223405951	0.322223405951	0.322223405951	0.322223405951	0.322223405951	0.322223405951	0.322223405951	0.322223405951	0.322223405951	0.322223405951	0.322223405951
GO:0006886	intracellular protein transport	P	1011	4	7	0.322223405951	0.322223405951	0.322223405951	0.322223405951	0.322223405951	0.322223405951	0.322223405951	0.322223405951	0.322223405951	0.322223405951	0.322223405951	0.322223405951	0.322223405951	0.322223405951	0.322223405951	0.322223405951
GO:0044703	multi-organism reproductive process	P	340	4	5	0.322223405951	0.322223405951	2.72839915043e-07	0.322223405951	0.322223405951	0.322223405951	2.72839915043e-07	0.322223405951	0.322223405951	0.322223405951	0.322223405951	0.322223405951	0.322223405951	0.322223405951	0.322223405951	0.322223405951
GO:0031668	cellular response to extracellular stimulus	P	328	7	8	0.322223405951	0.322223405951	3.81044957726e-11	0.322223405951	0.322223405951	0.322223405951	1.88355595703e-11	0.322223405951	0.322223405951	0.322223405951	0.322223405951	0.322223405951	0.322223405951	0.322223405951	0.322223405951	0.322223405951
GO:0031669	cellular response to nutrient levels	P	292	5	7	0.322223405951	0.322223405951	3.18357195807e-05	0.322223405951	0.322223405951	0.322223405951	3.18357195807e-05	0.322223405951	0.322223405951	0.322223405951	0.322223405951	0.322223405951	0.322223405951	0.322223405951	0.322223405951	0.322223405951
GO:0045088	regulation of innate immune response	P	415	4	7	0.322223405951	0.322223405951	0.322223405951	0.322223405951	0.322223405951	0.322223405951	0.322223405951	0.322223405951	0.322223405951	0.322223405951	0.322223405951	0.322223405951	0.322223405951	0.322223405951	0.322223405951	0.322223405951
GO:0071310	cellular response to organic substance	P	1136	57	46	0.322223405951	0.322223405951	1.14182014193e-05	0.322223405951	3.02165229312e-30	4.56765704081e-12	1.43223489407e-22	2.72106866896e-14	0.0443151771535	5.99735684409e-39	4.61154724145e-73	5.05579660149e-07	9.32636029502e-05	0.000479942221349	0.0443151771535	0.322223405951
GO:0042221	response to chemical stimulus	P	3503	315	261	0.322223405951	0.322223405951	1.03089843176e-26	0.322223405951	1.21263585181e-50	5.67671332113e-10	3.28929666797e-38	5.50162905169e-22	0.0237784661239	3.66173667841e-53	1.24823125498e-108	7.16254980663e-09	0.000829991969818	1.20588803261e-41	0.159386051975	0.0
GO:0010363	regulation of plant-type hypersensitive response	P	370	4	7	0.322223405951	0.322223405951	0.322223405951	0.322223405951	0.322223405951	0.322223405951	0.322223405951	0.322223405951	0.322223405951	0.322223405951	0.322223405951	0.322223405951	0.322223405951	0.322223405951	0.322223405951	0.322223405951
GO:0034613	cellular protein localization	P	1030	4	7	0.322223405951	0.322223405951	0.322223405951	0.322223405951	0.322223405951	0.322223405951	0.322223405951	0.322223405951	0.322223405951	0.322223405951	0.322223405951	0.322223405951	0.322223405951	0.322223405951	0.322223405951	0.322223405951
GO:0001071	nucleic acid binding transcription factor activity	M	1409	180	102	0.322223405951	0.322223405951	3.19199260115e-49	0.322223405951	1.75501353186e-58	5.87787642219e-19	1.37673539705e-52	1.22948661964e-22	0.00191735286375	1.01190196302e-19	1.58850439052e-102	8.60073948109e-21	7.85729416949e-07	0.000516928494134	0.0831989669294	0.0
GO:0010468	regulation of gene expression	P	2291	266	171	0.322223405951	0.322223405951	1.47683456782e-48	0.322223405951	4.3503188171e-60	4.68582619976e-18	6.53422199517e-56	4.13107329988e-25	0.000337139941643	1.33992384703e-51	9.27600387848e-117	2.25580039703e-18	4.26574649213e-07	0.00055667604589	0.322223405951	2.71690605285e-43
GO:0031667	response to nutrient levels	P	309	6	8	0.322223405951	0.322223405951	7.11990363961e-06	0.322223405951	0.322223405951	0.322223405951	7.11990363961e-06	0.322223405951	0.322223405951	0.322223405951	0.322223405951	0.322223405951	0.322223405951	0.322223405951	0.322223405951	0.322223405951
GO:0043167	ion binding	M	4783	95	97	0.322223405951	0.322223405951	0.0170955891317	0.322223405951	1.28588903861e-33	0.18235161124	0.174031791924	7.08205487412e-09	0.322223405951	2.87896476518e-42	0.0	0.322223405951	0.322223405951	0.322223405951	0.322223405951	0.322223405951
GO:0009725	response to hormone stimulus	P	1470	107	102	0.322223405951	0.322223405951	1.0395207356e-13	0.322223405951	3.19547568971e-35	1.25020201747e-09	2.42386782463e-24	1.43632498022e-16	0.322223405951	6.36264506179e-42	1.90069857038e-81	8.27889061302e-07	0.0011542851914	0.000124219496953	0.322223405951	0.322223405951
GO:0019752	carboxylic acid metabolic process	P	1826	42	44	0.322223405951	0.322223405951	1.04577089435e-08	0.322223405951	1.338516836e-15	0.0443151771535	0.000174994403727	1.39491921297e-06	0.322223405951	1.08452830401e-34	2.71690605285e-43	0.322223405951	0.322223405951	8.83972629e-51	0.322223405951	0.322223405951
GO:0007154	cell communication	P	2145	149	127	0.322223405951	0.322223405951	0.00133718355228	0.322223405951	4.48084680406e-35	2.53961017089e-08	1.01379876992e-07	9.58321192322e-21	0.103000037411	5.45035561939e-43	1.85673878213e-80	9.69805955527e-05	0.0109257193342	0.000813711144411	0.322223405951	0.322223405951
GO:0034284	response to monosaccharide stimulus	P	170	6	7	0.322223405951	0.322223405951	0.322223405951	0.322223405951	0.322223405951	0.322223405951	0.322223405951	0.322223405951	0.322223405951	0.322223405951	0.322223405951	0.322223405951	0.322223405951	0.322223405951	0.322223405951	0.322223405951
GO:0072330	monocarboxylic acid biosynthetic process	P	725	7	11	0.322223405951	0.322223405951	0.322223405951	0.322223405951	0.322223405951	0.322223405951	0.322223405951	0.322223405951	0.322223405951	0.322223405951	0.322223405951	0.322223405951	0.322223405951	0.322223405951	0.322223405951	0.322223405951
GO:0009267	cellular response to starvation	P	280	5	7	0.322223405951	0.322223405951	6.54588810556e-05	0.322223405951	0.322223405951	0.322223405951	6.54588810556e-05	0.322223405951	0.322223405951	0.322223405951	0.322223405951	0.322223405951	0.322223405951	0.322223405951	0.322223405951	0.322223405951
GO:0009266	response to temperature stimulus	P	920	23	27	0.322223405951	0.322223405951	1.38721832973e-13	0.322223405951	2.26227407951e-26	0.322223405951	1.01672452141e-07	0.0099491525424	0.322223405951	0.0	0.322223405951	0.322223405951	0.322223405951	0.322223405951	0.322223405951	0.322223405951
GO:0048367	shoot development	P	585	6	9	0.322223405951	0.322223405951	0.0127683316054	0.322223405951	0.322223405951	0.322223405951	0.0127683316054	0.322223405951	0.322223405951	0.322223405951	0.322223405951	0.322223405951	0.322223405951	0.322223405951	0.322223405951	0.322223405951
GO:0048364	root development	P	556	11	12	0.322223405951	0.322223405951	2.74575934934e-10	0.322223405951	1.62676704713e-08	0.322223405951	0.960869433696	0.00683340014957	0.322223405951	1.16016946284e-24	0.322223405951	0.322223405951	0.322223405951	0.159386051975	0.322223405951	0.322223405951
GO:0009536	plastid	C	3451	5	7	0.322223405951	0.322223405951	0.322223405951	0.322223405951	0.322223405951	0.322223405951	0.322223405951	0.322223405951	0.322223405951	0.322223405951	0.322223405951	0.322223405951	0.322223405951	0.322223405951	0.322223405951	0.322223405951
GO:0048608	reproductive structure development	P	1447	14	17	0.322223405951	0.322223405951	1.76721887674e-08	0.322223405951	1.70281434565e-24	0.00363470385034	2.82077096649e-21	0.322223405951	0.322223405951	1.39168973148e-26	0.0	0.0127683316054	0.322223405951	0.322223405951	0.322223405951	0.322223405951
GO:0022414	reproductive process	P	2070	23	29	0.322223405951	0.322223405951	0.359770377061	0.322223405951	7.45999789068e-28	0.0127683316054	1.44834946845e-21	0.00683340014957	0.322223405951	1.31747414549e-33	0.0	0.322223405951	0.322223405951	0.322223405951	0.322223405951	0.322223405951
GO:0009746	response to hexose stimulus	P	166	6	7	0.322223405951	0.322223405951	0.322223405951	0.322223405951	0.322223405951	0.322223405951	0.322223405951	0.322223405951	0.322223405951	0.322223405951	0.322223405951	0.322223405951	0.322223405951	0.322223405951	0.322223405951	0.322223405951
GO:0009743	response to carbohydrate stimulus	P	386	7	9	0.322223405951	0.322223405951	0.322223405951	0.322223405951	0.322223405951	0.322223405951	0.322223405951	0.322223405951	0.322223405951	0.322223405951	0.322223405951	0.322223405951	0.322223405951	0.322223405951	0.322223405951	0.322223405951
GO:0019222	regulation of metabolic process	P	2955	475	291	0.322223405951	0.322223405951	1.05838271341e-40	0.322223405951	1.37170182521e-68	1.51139944288e-09	3.29031985308e-24	7.36084820886e-34	0.00683340014957	1.43923089274e-69	1.4808209564e-130	1.73083012452e-10	0.0579656115364	0.00157177540832	0.322223405951	0.0
GO:0080090	regulation of primary metabolic process	P	2513	356	224	0.322223405951	0.322223405951	1.8344194723e-45	0.322223405951	3.73642008152e-64	9.62218569935e-12	1.09951910016e-30	4.00619515467e-36	0.000192079645473	6.32535944361e-59	8.54635864656e-129	7.14488753625e-13	0.000625201827511	0.00293981572717	0.159386051975	0.0
GO:0006820	anion transport	P	558	9	10	0.322223405951	0.322223405951	1.85939991291e-11	0.322223405951	0.322223405951	0.322223405951	1.58544129062e-12	0.322223405951	0.322223405951	0.322223405951	0.322223405951	0.322223405951	0.322223405951	0.322223405951	0.322223405951	0.322223405951
GO:0030001	metal ion transport	P	576	12	13	0.322223405951	0.322223405951	5.66457136518e-18	0.322223405951	0.322223405951	0.322223405951	5.58065877939e-18	0.322223405951	0.322223405951	0.322223405951	0.322223405951	0.322223405951	0.322223405951	0.322223405951	0.322223405951	0.322223405951
GO:0003700	sequence-specific DNA binding transcription factor activity	M	1409	180	102	0.322223405951	0.322223405951	1.23832473437e-48	0.322223405951	7.75360178931e-58	7.50160577831e-18	2.55010162747e-52	1.21955066487e-25	0.00348395324264	1.56260558787e-22	2.01208736129e-108	9.34131914206e-21	4.43814167238e-06	0.000263427746826	0.322223405951	0.0
GO:0044036	cell wall macromolecule metabolic process	P	317	5	7	0.322223405951	0.322223405951	0.322223405951	0.322223405951	0.322223405951	0.322223405951	0.322223405951	0.322223405951	0.322223405951	0.322223405951	0.322223405951	0.322223405951	0.322223405951	0.322223405951	0.322223405951	0.322223405951
GO:0016772	transferase activity, transferring phosphorus-containing groups	M	1443	18	19	0.322223405951	0.322223405951	0.322223405951	0.322223405951	0.322223405951	0.322223405951	0.322223405951	0.322223405951	0.322223405951	0.322223405951	0.322223405951	0.322223405951	0.322223405951	0.322223405951	0.322223405951	0.322223405951
GO:0043565	sequence-specific DNA binding	M	346	20	16	0.322223405951	0.322223405951	2.45177636875e-16	0.322223405951	2.54696591549e-32	1.27846894959e-09	2.07181958878e-21	0.000645270056554	0.159386051975	1.63122388653e-05	3.4324569184e-61	2.04061458036e-07	0.0127683316054	0.0831989669294	0.322223405951	0.322223405951
GO:0006807	nitrogen compound metabolic process	P	3491	7	12	0.322223405951	0.322223405951	0.322223405951	0.322223405951	0.322223405951	0.322223405951	0.322223405951	0.322223405951	0.322223405951	0.322223405951	0.322223405951	0.322223405951	0.322223405951	0.322223405951	0.322223405951	0.322223405951
GO:0008610	lipid biosynthetic process	P	1109	4	6	0.322223405951	0.322223405951	0.322223405951	0.322223405951	0.322223405951	0.322223405951	0.322223405951	0.322223405951	0.322223405951	0.322223405951	0.322223405951	0.322223405951	0.322223405951	0.322223405951	0.322223405951	0.322223405951
GO:0048468	cell development	P	659	8	11	0.322223405951	0.322223405951	7.11990363961e-06	0.322223405951	0.322223405951	0.322223405951	8.59806003805e-06	0.322223405951	0.322223405951	0.322223405951	0.322223405951	0.322223405951	0.322223405951	0.322223405951	0.322223405951	0.322223405951
GO:0048469	cell maturation	P	310	4	6	0.322223405951	0.322223405951	0.322223405951	0.322223405951	0.322223405951	0.322223405951	0.322223405951	0.322223405951	0.322223405951	0.322223405951	0.322223405951	0.322223405951	0.322223405951	0.322223405951	0.322223405951	0.322223405951
GO:0010243	response to organic nitrogen	P	421	32	28	0.322223405951	0.322223405951	0.000107488049078	0.322223405951	1.45174834588e-15	6.76379922869e-06	4.07232239166e-05	1.18747829663e-09	0.322223405951	2.81457184989e-34	6.438091207e-63	0.0579656115364	0.322223405951	1.35589531974e-31	0.322223405951	0.322223405951
GO:0046907	intracellular transport	P	1297	4	7	0.322223405951	0.322223405951	0.322223405951	0.322223405951	0.322223405951	0.322223405951	0.322223405951	0.322223405951	0.322223405951	0.322223405951	0.322223405951	0.322223405951	0.322223405951	0.322223405951	0.322223405951	0.322223405951
GO:0032502	developmental process	P	3556	149	159	0.322223405951	0.322223405951	0.00410949782133	0.322223405951	2.31361931382e-50	0.322223405951	0.000177150742484	4.34710485037e-08	0.322223405951	1.96807458495e-62	0.0	0.322223405951	0.322223405951	0.322223405951	0.322223405951	0.322223405951
GO:0032501	multicellular organismal process	P	3504	151	163	0.322223405951	0.322223405951	0.0195857023678	0.322223405951	1.32613506684e-50	0.18235161124	3.89932266629e-14	3.11822771356e-08	0.322223405951	2.55344606454e-65	0.0	0.0443151771535	0.322223405951	0.322223405951	0.322223405951	0.322223405951
GO:0045229	external encapsulating structure organization	P	647	5	8	0.322223405951	0.322223405951	0.322223405951	0.322223405951	0.322223405951	0.322223405951	0.322223405951	0.322223405951	0.322223405951	0.322223405951	0.322223405951	0.322223405951	0.322223405951	0.322223405951	0.322223405951	0.322223405951
GO:0071554	cell wall organization or biogenesis	P	932	14	19	0.322223405951	0.322223405951	0.322223405951	0.322223405951	0.322223405951	0.322223405951	0.322223405951	0.322223405951	0.322223405951	0.322223405951	0.322223405951	0.322223405951	0.322223405951	0.322223405951	0.322223405951	0.322223405951
GO:0071555	cell wall organization	P	599	5	8	0.322223405951	0.322223405951	0.322223405951	0.322223405951	0.322223405951	0.322223405951	0.322223405951	0.322223405951	0.322223405951	0.322223405951	0.322223405951	0.322223405951	0.322223405951	0.322223405951	0.322223405951	0.322223405951
GO:0044281	small molecule metabolic process	P	2767	91	93	0.322223405951	0.322223405951	6.82321587748e-14	0.322223405951	1.21797673965e-21	0.322223405951	1.3597200972e-09	6.35474387035e-10	0.322223405951	9.39426266e-40	2.71690605285e-43	0.322223405951	0.322223405951	0.0	0.322223405951	0.322223405951
GO:0000302	response to reactive oxygen species	P	368	4	6	0.322223405951	0.322223405951	0.00363470385034	0.322223405951	0.322223405951	0.322223405951	0.00363470385034	0.322223405951	0.322223405951	0.322223405951	0.322223405951	0.322223405951	0.322223405951	0.322223405951	0.322223405951	0.322223405951
GO:0009886	post-embryonic morphogenesis	P	471	6	8	0.322223405951	0.322223405951	0.0443151771535	0.322223405951	3.31636311569e-26	0.322223405951	0.0443151771535	0.159386051975	0.322223405951	0.322223405951	0.322223405951	0.322223405951	0.322223405951	0.322223405951	0.322223405951	0.322223405951
GO:0097305	response to alcohol	P	665	9	15	0.322223405951	0.322223405951	0.322223405951	0.322223405951	0.322223405951	0.322223405951	0.322223405951	0.322223405951	0.322223405951	0.322223405951	0.322223405951	0.322223405951	0.322223405951	0.322223405951	0.322223405951	0.322223405951
GO:0009416	response to light stimulus	P	1093	56	62	0.322223405951	0.322223405951	0.000273425398037	0.322223405951	1.52853623982e-29	0.322223405951	7.06361620786e-16	3.16411319372e-07	0.322223405951	0.0	0.0	0.322223405951	0.322223405951	0.322223405951	0.322223405951	0.322223405951
GO:0044765	single-organism transport	P	2809	69	74	0.322223405951	0.322223405951	6.2824713219e-16	0.322223405951	2.08079503272e-36	0.322223405951	7.76205806991e-17	0.00683340014957	0.322223405951	0.322223405951	0.322223405951	0.322223405951	0.322223405951	0.322223405951	0.322223405951	0.322223405951
GO:0009889	regulation of biosynthetic process	P	2307	287	197	0.322223405951	0.322223405951	1.14930221296e-49	0.322223405951	4.19834518476e-63	4.15600947249e-15	2.18444050424e-60	1.90744936815e-25	0.00543628223952	8.56044446196e-54	1.62061261308e-119	7.15973181001e-15	4.51435024123e-05	3.88197299246e-05	0.322223405951	0.0
GO:0009888	tissue development	P	930	10	15	0.322223405951	0.322223405951	0.00683340014957	0.322223405951	0.322223405951	0.322223405951	0.00683340014957	0.322223405951	0.322223405951	0.322223405951	0.322223405951	0.322223405951	0.322223405951	0.322223405951	0.322223405951	0.322223405951
GO:0009628	response to abiotic stimulus	P	2597	160	152	0.322223405951	0.322223405951	2.03460127172e-12	0.322223405951	1.34829027445e-53	0.00293981572717	2.71631410415e-10	5.37989994864e-17	0.322223405951	5.07117875276e-55	0.0	0.159386051975	0.322223405951	0.0831989669294	0.322223405951	0.322223405951
GO:0033554	cellular response to stress	P	1149	47	54	0.322223405951	0.322223405951	4.92898021636e-11	0.322223405951	8.52403756829e-33	0.322223405951	2.367788617e-09	0.103000037411	0.322223405951	0.322223405951	0.322223405951	0.322223405951	0.322223405951	0.322223405951	0.322223405951	0.322223405951
GO:0010200	response to chitin	P	407	32	28	0.322223405951	0.322223405951	1.46342071252e-06	0.322223405951	8.00373169632e-14	0.000337139941643	1.1747859002e-08	4.11561136471e-09	0.322223405951	1.63323431179e-39	1.29393800911e-70	0.0237784661239	0.0443151771535	3.32025688665e-24	0.322223405951	0.322223405951
GO:0009627	systemic acquired resistance	P	436	11	13	0.322223405951	0.322223405951	9.4471300397e-12	0.322223405951	0.322223405951	0.322223405951	1.39319600608e-13	0.322223405951	0.322223405951	0.322223405951	0.322223405951	0.322223405951	0.322223405951	0.322223405951	0.322223405951	0.322223405951
GO:0009607	response to biotic stimulus	P	1380	85	72	0.322223405951	0.322223405951	2.30248429062e-36	0.322223405951	1.47186935432e-19	7.61585127462e-05	1.20734638648e-23	3.61068094859e-17	0.322223405951	1.71317812608e-37	1.48686277837e-58	0.0443151771535	0.0443151771535	1.14288872399e-26	0.322223405951	0.322223405951
GO:0009605	response to external stimulus	P	762	29	30	0.322223405951	0.322223405951	1.39246988482e-12	0.322223405951	0.322223405951	0.322223405951	9.94895194233e-13	0.322223405951	0.322223405951	0.322223405951	0.322223405951	0.322223405951	0.322223405951	0.322223405951	0.322223405951	0.322223405951
GO:0009826	unidimensional cell growth	P	385	5	7	0.322223405951	0.322223405951	0.00013234126807	0.322223405951	0.322223405951	0.322223405951	0.00013234126807	0.322223405951	0.322223405951	0.322223405951	0.322223405951	0.322223405951	0.322223405951	0.322223405951	0.322223405951	0.322223405951
GO:0051179	localization	P	3427	87	90	0.322223405951	0.322223405951	6.16936767558e-20	0.322223405951	3.73123772821e-37	0.322223405951	1.11186708761e-10	6.4021217858e-07	0.322223405951	0.0	0.322223405951	0.322223405951	0.322223405951	0.322223405951	0.322223405951	0.322223405951
GO:0048523	negative regulation of cellular process	P	745	18	14	0.322223405951	0.322223405951	3.32220596886e-11	0.322223405951	4.57074595959e-19	7.11990363961e-06	1.40808004024e-14	4.03371063415e-10	0.322223405951	6.89884374686e-30	8.17319126603e-58	0.00100132738394	0.0443151771535	0.00157177540832	0.322223405951	0.322223405951
GO:0048522	positive regulation of cellular process	P	836	9	14	0.322223405951	0.322223405951	0.322223405951	0.322223405951	3.40058508649e-28	0.322223405951	0.322223405951	0.322223405951	0.322223405951	0.322223405951	0.322223405951	0.322223405951	0.322223405951	0.322223405951	0.322223405951	0.322223405951
GO:0048589	developmental growth	P	522	5	7	0.322223405951	0.322223405951	1.52037937576e-05	0.322223405951	0.322223405951	0.322223405951	1.52037937576e-05	0.322223405951	0.322223405951	0.322223405951	0.322223405951	0.322223405951	0.322223405951	0.322223405951	0.322223405951	0.322223405951
GO:0048588	developmental cell growth	P	403	4	5	0.322223405951	0.322223405951	1.13044874977e-07	0.322223405951	0.322223405951	0.322223405951	1.13044874977e-07	0.322223405951	0.322223405951	0.322223405951	0.322223405951	0.322223405951	0.322223405951	0.322223405951	0.322223405951	0.322223405951
GO:0048583	regulation of response to stimulus	P	733	7	12	0.322223405951	0.322223405951	0.322223405951	0.322223405951	0.322223405951	0.322223405951	0.322223405951	0.322223405951	0.322223405951	0.322223405951	0.322223405951	0.322223405951	0.322223405951	0.322223405951	0.322223405951	0.322223405951
GO:0048765	root hair cell differentiation	P	310	4	6	0.322223405951	0.322223405951	0.322223405951	0.322223405951	0.322223405951	0.322223405951	0.322223405951	0.322223405951	0.322223405951	0.322223405951	0.322223405951	0.322223405951	0.322223405951	0.322223405951	0.322223405951	0.322223405951
GO:0048764	trichoblast maturation	P	310	4	6	0.322223405951	0.322223405951	0.322223405951	0.322223405951	0.322223405951	0.322223405951	0.322223405951	0.322223405951	0.322223405951	0.322223405951	0.322223405951	0.322223405951	0.322223405951	0.322223405951	0.322223405951	0.322223405951
GO:0009723	response to ethylene stimulus	P	342	21	15	0.322223405951	0.322223405951	0.595099822219	0.322223405951	7.86664094123e-20	6.47552743847e-08	0.0346113847451	4.78265066733e-09	0.159386051975	8.86129873134e-31	2.06519365239e-63	0.000352257086067	2.40124185801e-05	0.00363470385034	0.0443151771535	0.322223405951
GO:0030154	cell differentiation	P	1033	15	22	0.322223405951	0.322223405951	1.44114472324e-05	0.322223405951	0.322223405951	0.322223405951	4.74711314623e-06	0.322223405951	0.322223405951	0.322223405951	0.322223405951	0.322223405951	0.322223405951	0.322223405951	0.322223405951	0.322223405951
GO:0060255	regulation of macromolecule metabolic process	P	2475	332	199	0.322223405951	0.322223405951	1.52835495326e-45	0.322223405951	7.29452595861e-66	1.75807968355e-12	2.36012328809e-31	6.98422372957e-37	0.000184284174979	7.80949353066e-59	5.66018451328e-134	4.42758014751e-12	1.18332211269e-05	3.18357195807e-05	0.322223405951	0.0
GO:0006612	protein targeting to membrane	P	381	4	7	0.322223405951	0.322223405951	0.322223405951	0.322223405951	0.322223405951	0.322223405951	0.322223405951	0.322223405951	0.322223405951	0.322223405951	0.322223405951	0.322223405951	0.322223405951	0.322223405951	0.322223405951	0.322223405951
GO:0023052	signaling	P	1820	89	77	0.322223405951	0.322223405951	0.038312777293	0.322223405951	1.26252935911e-39	4.41693136799e-09	5.70229910648e-26	6.37619291871e-17	0.00293981572717	3.04283084816e-42	6.8875903941e-79	1.87794201685e-06	0.00191735286375	0.000178845597979	0.159386051975	0.322223405951
GO:0050776	regulation of immune response	P	417	4	7	0.322223405951	0.322223405951	0.322223405951	0.322223405951	0.322223405951	0.322223405951	0.322223405951	0.322223405951	0.322223405951	0.322223405951	0.322223405951	0.322223405951	0.322223405951	0.322223405951	0.322223405951	0.322223405951
GO:0048569	post-embryonic organ development	P	671	4	8	0.322223405951	0.322223405951	0.322223405951	0.322223405951	0.322223405951	0.322223405951	0.322223405951	0.322223405951	0.322223405951	0.322223405951	0.322223405951	0.322223405951	0.322223405951	0.322223405951	0.322223405951	0.322223405951
GO:0009863	salicylic acid mediated signaling pathway	P	348	4	7	0.322223405951	0.322223405951	0.322223405951	0.322223405951	0.322223405951	0.322223405951	0.322223405951	0.322223405951	0.322223405951	0.322223405951	0.322223405951	0.322223405951	0.322223405951	0.322223405951	0.322223405951	0.322223405951
GO:0009860	pollen tube growth	P	227	4	5	0.322223405951	0.322223405951	8.29873136687e-10	0.322223405951	0.322223405951	0.322223405951	8.29873136687e-10	0.322223405951	0.322223405951	0.322223405951	0.322223405951	0.322223405951	0.322223405951	0.322223405951	0.322223405951	0.322223405951
GO:0009867	jasmonic acid mediated signaling pathway	P	282	4	5	0.322223405951	0.322223405951	0.322223405951	0.322223405951	8.68353789522e-12	0.322223405951	3.26468195294e-06	0.322223405951	0.322223405951	1.57652063648e-28	0.322223405951	0.322223405951	0.322223405951	0.322223405951	0.322223405951	0.322223405951
GO:0009644	response to high light intensity	P	217	5	7	0.322223405951	0.322223405951	0.00363470385034	0.322223405951	0.322223405951	0.322223405951	0.00363470385034	0.322223405951	0.322223405951	0.322223405951	0.322223405951	0.322223405951	0.322223405951	0.322223405951	0.322223405951	0.322223405951
GO:2000112	regulation of cellular macromolecule biosynthetic process	P	2172	263	171	0.322223405951	0.322223405951	1.21390953867e-50	0.322223405951	1.03419540417e-62	7.8582561398e-17	2.1934836459e-58	4.27846912219e-24	0.000222086938225	1.0343032271e-49	4.80801602871e-116	3.96506945613e-17	0.000303330296204	2.66307273409e-05	0.18235161124	0.0
GO:0050793	regulation of developmental process	P	837	4	6	0.322223405951	0.322223405951	0.322223405951	0.322223405951	4.16554779293e-19	0.322223405951	0.322223405951	0.322223405951	0.322223405951	0.322223405951	0.322223405951	0.322223405951	0.322223405951	0.322223405951	0.322223405951	0.322223405951
GO:0044700	single organism signaling	P	1819	89	77	0.322223405951	0.322223405951	3.00311679814e-06	0.322223405951	1.14994443608e-35	1.08102941923e-08	2.41753029863e-25	6.04029240246e-20	0.0237784661239	1.36282070926e-44	1.52702921928e-85	2.72910795787e-05	0.018040323892	0.00348395324264	0.322223405951	0.322223405951
GO:0044702	single organism reproductive process	P	849	5	7	0.322223405951	0.322223405951	7.11990363961e-06	0.322223405951	0.322223405951	0.322223405951	7.11990363961e-06	0.322223405951	0.322223405951	0.322223405951	0.322223405951	0.322223405951	0.322223405951	0.322223405951	0.322223405951	0.322223405951
GO:0044707	single-multicellular organism process	P	3476	151	163	0.322223405951	0.322223405951	0.701464102049	0.322223405951	2.0663519141e-56	0.159386051975	8.9207062719e-18	2.18873327591e-09	0.322223405951	4.82971290586e-73	0.0	0.159386051975	0.322223405951	0.322223405951	0.322223405951	0.322223405951
GO:0044706	multi-multicellular organism process	P	325	4	5	0.322223405951	0.322223405951	8.64072454073e-11	0.322223405951	0.322223405951	0.322223405951	8.64072454073e-11	0.322223405951	0.322223405951	0.322223405951	0.322223405951	0.322223405951	0.322223405951	0.322223405951	0.322223405951	0.322223405951
GO:0006355	regulation of transcription, DNA-dependent	P	2064	245	164	0.322223405951	0.322223405951	2.74233976805e-45	0.322223405951	1.44889037233e-57	3.86448311298e-13	4.02205347056e-54	1.0113293544e-27	0.00363470385034	3.94118444751e-50	1.56763868977e-108	3.02798847549e-14	0.0011542851914	0.00363470385034	0.0579656115364	0.0
GO:0009617	response to bacterium	P	552	4	6	0.322223405951	0.322223405951	0.0237784661239	0.322223405951	0.322223405951	0.322223405951	0.0237784661239	0.322223405951	0.322223405951	0.322223405951	0.322223405951	0.322223405951	0.322223405951	0.322223405951	0.322223405951	0.322223405951
GO:0019438	aromatic compound biosynthetic process	P	1390	61	58	0.322223405951	0.322223405951	1.16743440114e-12	0.322223405951	7.66670692594e-21	0.159386051975	4.50918221828e-11	6.18286407061e-12	0.322223405951	6.05035779748e-48	0.0	0.322223405951	0.322223405951	0.0	0.322223405951	0.322223405951
GO:0006952	defense response	P	1372	122	95	0.322223405951	0.322223405951	7.15216320409e-28	0.322223405951	2.49149148276e-31	3.82155927806e-12	8.86168197516e-10	1.56257115694e-25	0.0831989669294	1.8545405319e-40	1.10335106273e-68	2.8027209485e-08	1.52037937576e-05	8.71213234643e-13	0.0324477786167	0.322223405951
GO:0018130	heterocycle biosynthetic process	P	1162	24	27	0.322223405951	0.322223405951	0.322223405951	0.322223405951	0.322223405951	0.322223405951	0.322223405951	0.322223405951	0.322223405951	0.322223405951	0.322223405951	0.322223405951	0.322223405951	0.322223405951	0.322223405951	0.322223405951
GO:0048511	rhythmic process	P	132	6	6	0.322223405951	0.322223405951	0.0831989669294	0.322223405951	1.50249168763e-16	0.00683340014957	0.0831989669294	0.0127683316054	0.322223405951	0.00683340014957	0.0	0.159386051975	0.322223405951	0.322223405951	0.322223405951	0.322223405951
GO:0048513	organ development	P	1828	54	65	0.322223405951	0.322223405951	5.71064254506e-06	0.322223405951	5.10249146341e-30	0.322223405951	1.27490500966e-21	0.00683340014957	0.322223405951	4.76535451626e-37	0.322223405951	0.322223405951	0.322223405951	0.322223405951	0.322223405951	0.322223405951
GO:0042594	response to starvation	P	288	5	7	0.322223405951	0.322223405951	6.54588810556e-05	0.322223405951	0.322223405951	0.322223405951	6.54588810556e-05	0.322223405951	0.322223405951	0.322223405951	0.322223405951	0.322223405951	0.322223405951	0.322223405951	0.322223405951	0.322223405951
GO:0009737	response to abscisic acid stimulus	P	563	4	7	0.322223405951	0.322223405951	0.322223405951	0.322223405951	0.322223405951	0.322223405951	0.322223405951	0.322223405951	0.322223405951	0.322223405951	0.322223405951	0.322223405951	0.322223405951	0.322223405951	0.322223405951	0.322223405951
GO:0035295	tube development	P	264	4	5	0.322223405951	0.322223405951	2.57342139324e-11	0.322223405951	0.322223405951	0.322223405951	2.57342139324e-11	0.322223405951	0.322223405951	0.322223405951	0.322223405951	0.322223405951	0.322223405951	0.322223405951	0.322223405951	0.322223405951
GO:2001141	regulation of RNA biosynthetic process	P	2064	245	164	0.322223405951	0.322223405951	1.07395166085e-49	0.322223405951	8.84275671923e-63	9.87213025095e-17	3.93215017547e-58	6.75759006799e-23	0.000516928494134	4.83720731293e-51	6.27822490809e-112	5.29829973758e-16	0.000922508122632	5.33700172454e-05	0.322223405951	0.0
GO:1901698	response to nitrogen compound	P	583	32	28	0.322223405951	0.322223405951	8.47148770053e-05	0.322223405951	7.38097869337e-15	0.000141628702767	6.12795445584e-06	1.03274199251e-09	0.322223405951	1.19817708763e-33	4.50904683749e-56	0.00100132738394	0.18235161124	1.57652063648e-28	0.322223405951	0.322223405951
GO:0032870	cellular response to hormone stimulus	P	729	32	27	0.322223405951	0.322223405951	6.14130795417e-07	0.322223405951	9.61554837462e-24	4.50653458322e-10	8.4355810168e-10	1.75275184795e-08	0.322223405951	2.5097258468e-30	2.65652153737e-50	7.37898419241e-06	0.000193839480402	0.0237784661239	0.322223405951	0.322223405951
GO:0071369	cellular response to ethylene stimulus	P	130	18	11	0.322223405951	0.322223405951	0.00363470385034	0.322223405951	5.39403937441e-22	8.67277525562e-07	0.776996180306	1.39828220877e-08	0.159386051975	4.94633084289e-26	1.74840041417e-55	3.26468195294e-06	0.000104849254635	0.000222086938225	0.00191735286375	0.322223405951
GO:0080134	regulation of response to stress	P	553	6	10	0.322223405951	0.322223405951	0.322223405951	0.322223405951	0.322223405951	0.322223405951	0.322223405951	0.322223405951	0.322223405951	0.322223405951	0.322223405951	0.322223405951	0.322223405951	0.322223405951	0.322223405951	0.322223405951
GO:0010941	regulation of cell death	P	402	4	7	0.322223405951	0.322223405951	0.322223405951	0.322223405951	0.322223405951	0.322223405951	0.322223405951	0.322223405951	0.322223405951	0.322223405951	0.322223405951	0.322223405951	0.322223405951	0.322223405951	0.322223405951	0.322223405951
GO:0000041	transition metal ion transport	P	221	7	8	0.322223405951	0.322223405951	3.05065455417e-14	0.322223405951	0.322223405951	0.322223405951	3.05065455417e-14	0.322223405951	0.322223405951	0.322223405951	0.322223405951	0.322223405951	0.322223405951	0.322223405951	0.322223405951	0.322223405951
GO:0033036	macromolecule localization	P	1427	12	15	0.322223405951	0.322223405951	0.322223405951	0.322223405951	1.39313233697e-10	0.322223405951	4.76172723344e-10	0.322223405951	0.322223405951	7.08019796347e-20	0.322223405951	0.322223405951	0.322223405951	0.322223405951	0.322223405951	0.322223405951
GO:0015031	protein transport	P	1118	4	7	0.322223405951	0.322223405951	0.322223405951	0.322223405951	0.322223405951	0.322223405951	0.322223405951	0.322223405951	0.322223405951	0.322223405951	0.322223405951	0.322223405951	0.322223405951	0.322223405951	0.322223405951	0.322223405951
GO:0051716	cellular response to stimulus	P	2765	184	151	0.322223405951	0.322223405951	4.23166631317e-12	0.322223405951	5.59179826785e-39	2.62146346729e-09	1.15905074876e-13	2.35658202273e-23	0.00363470385034	2.33501678646e-45	2.91790917428e-90	0.000193839480402	0.00191735286375	1.09837963808e-11	0.159386051975	0.322223405951
GO:0044550	secondary metabolite biosynthetic process	P	388	12	14	0.322223405951	0.322223405951	0.322223405951	0.322223405951	0.322223405951	0.322223405951	0.322223405951	0.322223405951	0.322223405951	0.322223405951	0.322223405951	0.322223405951	0.322223405951	0.322223405951	0.322223405951	0.322223405951
GO:0008544	epidermis development	P	455	8	12	0.322223405951	0.322223405951	0.322223405951	0.322223405951	0.322223405951	0.322223405951	0.322223405951	0.322223405951	0.322223405951	0.322223405951	0.322223405951	0.322223405951	0.322223405951	0.322223405951	0.322223405951	0.322223405951
GO:0007275	multicellular organismal development	P	3339	137	149	0.322223405951	0.322223405951	4.78373258623e-06	0.322223405951	5.12040960421e-50	0.159386051975	0.000804677095723	7.99445592239e-10	0.322223405951	3.36027915345e-61	0.0	0.322223405951	0.322223405951	0.322223405951	0.322223405951	0.322223405951
GO:0044767	single-organism developmental process	P	2464	68	82	0.322223405951	0.322223405951	1.31447990648e-07	0.322223405951	2.33902371352e-39	0.322223405951	1.35214534448e-29	0.000192079645473	0.322223405951	1.27916907198e-60	0.322223405951	0.322223405951	0.322223405951	0.322223405951	0.322223405951	0.322223405951
GO:1901700	response to oxygen-containing compound	P	2251	215	194	0.322223405951	0.322223405951	8.18062582813e-12	0.322223405951	1.30236879254e-40	1.11922266161e-08	3.98651813949e-28	2.81393255959e-22	0.0237784661239	3.51207140153e-45	5.97319873858e-79	8.67277525562e-07	0.322223405951	9.6135993373e-43	0.322223405951	0.0
GO:1901701	cellular response to oxygen-containing compound	P	874	23	28	0.322223405951	0.322223405951	0.000167733411092	0.322223405951	1.70875791218e-28	0.0443151771535	1.03202481749e-20	6.4021217858e-07	0.322223405951	2.40541754584e-35	0.0	0.0579656115364	0.322223405951	0.322223405951	0.322223405951	0.322223405951
GO:0009314	response to radiation	P	1163	56	62	0.322223405951	0.322223405951	0.000189076593772	0.322223405951	1.06309969103e-26	0.18235161124	2.11823660314e-15	2.43863774052e-05	0.322223405951	5.4951812096e-17	0.0	0.322223405951	0.322223405951	0.322223405951	0.322223405951	0.322223405951
GO:0009058	biosynthetic process	P	4585	207	166	0.322223405951	0.322223405951	3.54048417213e-31	0.322223405951	5.27825739171e-36	0.018545610562	1.27806939559e-24	1.01874818577e-23	0.322223405951	4.34592621255e-52	0.0	0.322223405951	0.322223405951	2.0809436725e-37	0.322223405951	0.322223405951
GO:0051171	regulation of nitrogen compound metabolic process	P	2230	251	173	0.322223405951	0.322223405951	6.70385071697e-49	0.322223405951	2.64313160736e-63	1.07924652606e-16	1.20136556419e-58	4.47699497041e-25	0.000829991969818	3.56139211278e-56	1.82960764895e-117	6.53930966561e-14	0.000222086938225	0.000293282185123	0.322223405951	0.0
GO:0010054	trichoblast differentiation	P	338	6	8	0.322223405951	0.322223405951	0.322223405951	0.322223405951	0.322223405951	0.322223405951	0.322223405951	0.322223405951	0.322223405951	0.322223405951	0.322223405951	0.322223405951	0.322223405951	0.322223405951	0.322223405951	0.322223405951
GO:0010053	root epidermal cell differentiation	P	343	6	8	0.322223405951	0.322223405951	0.322223405951	0.322223405951	0.322223405951	0.322223405951	0.322223405951	0.322223405951	0.322223405951	0.322223405951	0.322223405951	0.322223405951	0.322223405951	0.322223405951	0.322223405951	0.322223405951
GO:0032787	monocarboxylic acid metabolic process	P	1295	13	16	0.322223405951	0.322223405951	0.000222086938225	0.322223405951	0.322223405951	0.322223405951	0.000187063188113	0.322223405951	0.322223405951	0.322223405951	0.322223405951	0.322223405951	0.322223405951	0.322223405951	0.322223405951	0.322223405951
GO:0016049	cell growth	P	582	5	7	0.322223405951	0.322223405951	0.000263427746826	0.322223405951	0.322223405951	0.322223405951	0.000263427746826	0.322223405951	0.322223405951	0.322223405951	0.322223405951	0.322223405951	0.322223405951	0.322223405951	0.322223405951	0.322223405951
GO:0016043	cellular component organization	P	3139	48	53	0.322223405951	0.322223405951	3.89408343391e-13	0.322223405951	1.38395702752e-35	0.322223405951	0.388777692101	0.000625201827511	0.322223405951	4.08155449499e-50	0.322223405951	0.322223405951	0.322223405951	0.322223405951	0.322223405951	0.322223405951
GO:0044283	small molecule biosynthetic process	P	1431	61	65	0.322223405951	0.322223405951	0.000775054468484	0.322223405951	4.62978064141e-21	0.0831989669294	0.385586895223	3.12699755406e-08	0.322223405951	8.80294189758e-45	0.0	0.322223405951	0.322223405951	4.22944184335e-58	0.322223405951	0.322223405951
GO:0034641	cellular nitrogen compound metabolic process	P	3036	5	8	0.322223405951	0.322223405951	0.322223405951	0.322223405951	0.322223405951	0.322223405951	0.322223405951	0.322223405951	0.322223405951	0.322223405951	0.322223405951	0.322223405951	0.322223405951	0.322223405951	0.322223405951	0.322223405951
GO:0009991	response to extracellular stimulus	P	346	8	9	0.322223405951	0.322223405951	8.88510462117e-12	0.322223405951	0.322223405951	0.322223405951	8.64072454073e-11	0.322223405951	0.322223405951	0.322223405951	0.322223405951	0.322223405951	0.322223405951	0.322223405951	0.322223405951	0.322223405951
GO:0000003	reproduction	P	2092	23	29	0.322223405951	0.322223405951	0.576812690883	0.322223405951	2.59229272566e-30	0.00683340014957	4.53574797429e-21	0.000222086938225	0.322223405951	2.68530766231e-29	0.0	0.322223405951	0.322223405951	0.322223405951	0.322223405951	0.322223405951
GO:0006950	response to stress	P	3738	317	245	0.322223405951	0.322223405951	0.000772656687383	0.322223405951	1.60452109265e-46	5.20498077402e-08	6.83426262271e-21	5.0524738015e-27	0.0443151771535	6.28465386756e-55	1.44132100048e-101	3.65428956384e-06	0.00543628223952	4.81234615308e-48	0.322223405951	0.0
GO:0010556	regulation of macromolecule biosynthetic process	P	2172	263	171	0.322223405951	0.322223405951	2.51342097316e-48	0.322223405951	3.20524185613e-60	4.27925224916e-18	1.39031846702e-57	1.50445535439e-25	0.000222086938225	9.95071528027e-51	5.51741123096e-108	1.29690599192e-17	4.03371063415e-10	6.77501349114e-06	0.0237784661239	0.0
GO:0033993	response to lipid	P	772	14	21	0.322223405951	0.322223405951	0.159386051975	0.322223405951	7.72234803426e-25	0.322223405951	6.2849622307e-24	0.159386051975	0.322223405951	2.71690605285e-43	0.322223405951	0.322223405951	0.322223405951	0.322223405951	0.322223405951	0.322223405951
GO:0043067	regulation of programmed cell death	P	395	4	7	0.322223405951	0.322223405951	0.322223405951	0.322223405951	0.322223405951	0.322223405951	0.322223405951	0.322223405951	0.322223405951	0.322223405951	0.322223405951	0.322223405951	0.322223405951	0.322223405951	0.322223405951	0.322223405951
GO:0045087	innate immune response	P	682	21	17	0.322223405951	0.322223405951	3.08293701223e-26	0.322223405951	0.322223405951	0.322223405951	1.85737443963e-26	0.322223405951	0.322223405951	0.322223405951	0.322223405951	0.322223405951	0.322223405951	0.322223405951	0.322223405951	0.322223405951
GO:0010035	response to inorganic substance	P	1092	16	18	0.322223405951	0.322223405951	1.39981266986e-10	0.322223405951	1.58814761292e-17	0.322223405951	0.596396461822	0.000432446749279	0.322223405951	2.71690605285e-43	0.322223405951	0.322223405951	0.322223405951	0.322223405951	0.322223405951	0.322223405951
GO:0010033	response to organic substance	P	2565	245	212	0.322223405951	0.322223405951	2.01420740099e-32	0.322223405951	1.02331184592e-48	1.85725741929e-09	1.88910401578e-36	3.07754857994e-24	0.00683340014957	8.21689805333e-53	4.28761091303e-100	7.31650123724e-07	0.0324477786167	1.23462254137e-24	0.322223405951	0.322223405951
GO:0009719	response to endogenous stimulus	P	1671	149	132	0.322223405951	0.322223405951	1.87300282216e-22	0.322223405951	1.34847685317e-40	2.55015034371e-13	2.6195482744e-30	1.92410867142e-18	0.0127683316054	7.60047200004e-47	1.97588486487e-86	1.48696624725e-06	7.75182336878e-05	8.01755167162e-05	0.18235161124	0.322223405951
GO:0071407	cellular response to organic cyclic compound	P	523	6	11	0.322223405951	0.322223405951	0.322223405951	0.322223405951	0.322223405951	0.322223405951	0.322223405951	0.322223405951	0.322223405951	0.322223405951	0.322223405951	0.322223405951	0.322223405951	0.322223405951	0.322223405951	0.322223405951
GO:0010015	root morphogenesis	P	410	9	10	0.322223405951	0.322223405951	0.322223405951	0.322223405951	1.37807110754e-08	0.322223405951	3.6459317792e-07	0.322223405951	0.322223405951	1.46601424401e-22	0.322223405951	0.322223405951	0.322223405951	0.322223405951	0.322223405951	0.322223405951
GO:0040007	growth	P	653	5	7	0.322223405951	0.322223405951	1.46342071252e-06	0.322223405951	0.322223405951	0.322223405951	1.46342071252e-06	0.322223405951	0.322223405951	0.322223405951	0.322223405951	0.322223405951	0.322223405951	0.322223405951	0.322223405951	0.322223405951
GO:0002679	respiratory burst involved in defense response	P	121	18	14	0.322223405951	0.322223405951	0.000645270056554	0.322223405951	2.83336593227e-19	5.98418020747e-08	2.31407136169e-06	8.93841213023e-07	0.322223405951	4.9247390255e-31	5.0599606568e-54	0.000432446749279	0.159386051975	0.0443151771535	0.322223405951	0.322223405951
GO:0035556	intracellular signal transduction	P	546	38	35	0.322223405951	0.322223405951	2.01453197806e-17	0.322223405951	2.31722153213e-22	0.000814517758311	0.010416653878	2.22299750983e-11	0.322223405951	1.29365656427e-43	7.27425783604e-85	0.159386051975	0.322223405951	0.322223405951	0.322223405951	0.322223405951
GO:0014070	response to organic cyclic compound	P	819	24	34	0.322223405951	0.322223405951	0.00363470385034	0.322223405951	8.83972629e-51	0.322223405951	0.00634658975587	0.322223405951	0.322223405951	0.322223405951	0.322223405951	0.322223405951	0.322223405951	0.322223405951	0.322223405951	0.322223405951
GO:0009733	response to auxin stimulus	P	374	10	12	0.322223405951	0.322223405951	0.00602628761674	0.322223405951	2.25893761891e-16	0.00100132738394	5.84418893363e-08	0.0831989669294	0.322223405951	2.74684375358e-14	0.0	0.322223405951	0.322223405951	0.322223405951	0.322223405951	0.322223405951
GO:0019219	regulation of nucleobase-containing compound metabolic process	P	2208	249	169	0.322223405951	0.322223405951	3.93231181148e-46	0.322223405951	8.47772543158e-60	2.93425295795e-15	7.82386021081e-57	3.03545530395e-25	0.0831989669294	1.76880900451e-50	5.92649893211e-106	6.20529591598e-14	1.75264651649e-06	0.000104849254635	0.0831989669294	0.0
GO:0019748	secondary metabolic process	P	695	20	25	0.322223405951	0.322223405951	7.11990363961e-06	0.322223405951	0.322223405951	0.322223405951	1.89314479468e-05	0.322223405951	0.322223405951	0.322223405951	0.322223405951	0.322223405951	0.322223405951	0.322223405951	0.322223405951	0.322223405951
GO:2000026	regulation of multicellular organismal development	P	692	4	6	0.322223405951	0.322223405951	0.322223405951	0.322223405951	6.49666476673e-18	0.322223405951	0.322223405951	0.322223405951	0.322223405951	0.322223405951	0.322223405951	0.322223405951	0.322223405951	0.322223405951	0.322223405951	0.322223405951
GO:0007165	signal transduction	P	1748	87	74	0.322223405951	0.322223405951	0.12362106585	0.322223405951	7.75143841496e-38	2.60327435546e-09	8.66839575458e-24	3.56567751816e-17	0.0127683316054	5.06964184423e-45	7.53667872925e-91	0.000354984877774	0.0193301128275	2.40124185801e-05	0.322223405951	0.322223405951
GO:0016740	transferase activity	M	2708	24	26	0.322223405951	0.322223405951	0.322223405951	0.322223405951	0.322223405951	0.322223405951	0.322223405951	0.322223405951	0.322223405951	0.322223405951	0.322223405951	0.322223405951	0.322223405951	0.322223405951	0.322223405951	0.322223405951
GO:0046394	carboxylic acid biosynthetic process	P	1119	34	36	0.322223405951	0.322223405951	4.64341801692e-13	0.322223405951	3.33936972221e-11	0.0831989669294	9.9565423354e-12	9.18935270461e-06	0.322223405951	3.58939024402e-31	2.71690605285e-43	0.322223405951	0.322223405951	8.83972629e-51	0.322223405951	0.322223405951
GO:0048856	anatomical structure development	P	2974	97	109	0.322223405951	0.322223405951	0.0789600301304	0.322223405951	1.24640330221e-42	0.0443151771535	7.92291986755e-36	9.25390775195e-07	0.322223405951	1.16735985946e-47	4.22944184335e-58	0.0831989669294	0.322223405951	0.322223405951	0.322223405951	0.322223405951
GO:0009932	cell tip growth	P	310	4	5	0.322223405951	0.322223405951	2.72839915043e-07	0.322223405951	0.322223405951	0.322223405951	2.72839915043e-07	0.322223405951	0.322223405951	0.322223405951	0.322223405951	0.322223405951	0.322223405951	0.322223405951	0.322223405951	0.322223405951
GO:0048610	cellular process involved in reproduction	P	657	5	7	0.322223405951	0.322223405951	7.11990363961e-06	0.322223405951	0.322223405951	0.322223405951	7.11990363961e-06	0.322223405951	0.322223405951	0.322223405951	0.322223405951	0.322223405951	0.322223405951	0.322223405951	0.322223405951	0.322223405951
GO:0043169	cation binding	M	2474	62	62	0.322223405951	0.322223405951	0.0307323998974	0.322223405951	1.02757906297e-32	0.0193301128275	0.000851607965126	1.88355595703e-11	0.322223405951	9.56721574314e-37	0.0	0.322223405951	0.322223405951	0.322223405951	0.322223405951	0.322223405951
GO:0009755	hormone-mediated signaling pathway	P	693	32	27	0.322223405951	0.322223405951	1.73419879327e-08	0.322223405951	3.082491042e-24	1.05617501007e-08	4.51118170434e-11	1.17676399188e-06	0.322223405951	2.760155836e-33	1.00486066559e-62	1.75264651649e-06	0.00010216012507	0.00683340014957	0.0443151771535	0.322223405951
GO:0009751	response to salicylic acid stimulus	P	460	7	11	0.322223405951	0.322223405951	0.322223405951	0.322223405951	1.91281913579e-25	0.322223405951	0.322223405951	0.322223405951	0.322223405951	0.322223405951	0.322223405951	0.322223405951	0.322223405951	0.322223405951	0.322223405951	0.322223405951
GO:0009753	response to jasmonic acid stimulus	P	461	30	31	0.322223405951	0.322223405951	0.00055667604589	0.322223405951	9.73062456583e-17	0.000432446749279	1.80369985773e-08	0.0443151771535	0.322223405951	1.06427768805e-24	1.59777077328e-46	0.00100132738394	0.0831989669294	0.159386051975	0.322223405951	0.322223405951
GO:1901576	organic substance biosynthetic process	P	4348	202	161	0.322223405951	0.322223405951	9.6323370552e-33	0.322223405951	1.02168788285e-42	0.0831989669294	2.63830784297e-25	8.37479325346e-20	0.322223405951	6.93735066468e-60	0.0	0.322223405951	0.322223405951	8.83972629e-51	0.322223405951	0.322223405951
GO:0044267	cellular protein metabolic process	P	3355	8	11	0.322223405951	0.322223405951	0.000263427746826	0.322223405951	0.322223405951	0.322223405951	0.000263427746826	0.322223405951	0.322223405951	0.322223405951	0.322223405951	0.322223405951	0.322223405951	0.322223405951	0.322223405951	0.322223405951
GO:0045730	respiratory burst	P	121	18	14	0.322223405951	0.322223405951	1.34303140666e-06	0.322223405951	4.48660407745e-18	5.98418020747e-08	0.000498405376198	1.8770012312e-07	0.322223405951	1.22647567704e-29	1.27976247741e-48	0.000516928494134	0.322223405951	0.0579656115364	0.322223405951	0.322223405951
GO:0000160	phosphorelay signal transduction system	P	152	18	11	0.322223405951	0.322223405951	0.0179601207145	0.322223405951	3.17385436462e-21	1.57141495107e-10	0.783339726345	3.85412736529e-06	0.159386051975	1.1010234946e-25	1.65446801315e-48	4.77706886795e-05	7.19510293792e-08	9.18935270461e-06	0.0831989669294	0.322223405951
GO:0000165	MAPK cascade	P	206	5	6	0.322223405951	0.322223405951	1.02476393074e-13	0.322223405951	0.322223405951	0.322223405951	1.02476393074e-13	0.322223405951	0.322223405951	0.322223405951	0.322223405951	0.322223405951	0.322223405951	0.322223405951	0.322223405951	0.322223405951
GO:0019538	protein metabolic process	P	3746	10	13	0.322223405951	0.322223405951	0.00363470385034	0.322223405951	0.322223405951	0.322223405951	0.00429470387048	0.322223405951	0.322223405951	0.322223405951	0.322223405951	0.322223405951	0.322223405951	0.322223405951	0.322223405951	0.322223405951
GO:0045184	establishment of protein localization	P	1118	4	7	0.322223405951	0.322223405951	0.322223405951	0.322223405951	0.322223405951	0.322223405951	0.322223405951	0.322223405951	0.322223405951	0.322223405951	0.322223405951	0.322223405951	0.322223405951	0.322223405951	0.322223405951	0.322223405951
GO:0009913	epidermal cell differentiation	P	453	8	12	0.322223405951	0.322223405951	0.322223405951	0.322223405951	0.322223405951	0.322223405951	0.322223405951	0.322223405951	0.322223405951	0.322223405951	0.322223405951	0.322223405951	0.322223405951	0.322223405951	0.322223405951	0.322223405951
GO:0006796	phosphate-containing compound metabolic process	P	2292	29	33	0.322223405951	0.322223405951	1.18818604497e-15	0.322223405951	0.322223405951	0.322223405951	7.15265006783e-16	0.322223405951	0.322223405951	0.322223405951	0.322223405951	0.322223405951	0.322223405951	0.322223405951	0.322223405951	0.322223405951
GO:0006793	phosphorus metabolic process	P	2380	29	33	0.322223405951	0.322223405951	2.68323607757e-14	0.322223405951	0.322223405951	0.322223405951	1.7503683475e-14	0.322223405951	0.322223405951	0.322223405951	0.322223405951	0.322223405951	0.322223405951	0.322223405951	0.322223405951	0.322223405951
GO:0031347	regulation of defense response	P	532	6	10	0.322223405951	0.322223405951	0.322223405951	0.322223405951	0.322223405951	0.322223405951	0.322223405951	0.322223405951	0.322223405951	0.322223405951	0.322223405951	0.322223405951	0.322223405951	0.322223405951	0.322223405951	0.322223405951
GO:0071395	cellular response to jasmonic acid stimulus	P	282	4	5	0.322223405951	0.322223405951	0.322223405951	0.322223405951	2.38303350726e-10	0.322223405951	6.54588810556e-05	0.322223405951	0.322223405951	3.32025688665e-24	0.322223405951	0.322223405951	0.322223405951	0.322223405951	0.322223405951	0.322223405951
GO:0048868	pollen tube development	P	264	4	5	0.322223405951	0.322223405951	2.74575934934e-10	0.322223405951	0.322223405951	0.322223405951	2.74575934934e-10	0.322223405951	0.322223405951	0.322223405951	0.322223405951	0.322223405951	0.322223405951	0.322223405951	0.322223405951	0.322223405951
GO:0048869	cellular developmental process	P	1277	18	26	0.322223405951	0.322223405951	3.00963320722e-05	0.322223405951	0.322223405951	0.322223405951	2.64293980556e-05	0.322223405951	0.322223405951	0.322223405951	0.322223405951	0.322223405951	0.322223405951	0.322223405951	0.322223405951	0.322223405951
GO:0006812	cation transport	P	769	15	14	0.322223405951	0.322223405951	1.90086327081e-20	0.322223405951	0.322223405951	0.322223405951	4.56469457586e-20	0.322223405951	0.322223405951	0.322223405951	0.322223405951	0.322223405951	0.322223405951	0.322223405951	0.322223405951	0.322223405951
GO:0006811	ion transport	P	1106	24	23	0.322223405951	0.322223405951	7.02621046556e-24	0.322223405951	0.322223405951	0.322223405951	4.06613900633e-22	0.322223405951	0.322223405951	0.322223405951	0.322223405951	0.322223405951	0.322223405951	0.322223405951	0.322223405951	0.322223405951
GO:0006810	transport	P	3164	76	79	0.322223405951	0.322223405951	6.32458414776e-18	0.322223405951	8.00240829271e-35	0.322223405951	9.9171030457e-18	0.0579656115364	0.322223405951	0.322223405951	0.322223405951	0.322223405951	0.322223405951	0.322223405951	0.322223405951	0.322223405951
GO:0032989	cellular component morphogenesis	P	614	5	7	0.322223405951	0.322223405951	1.46342071252e-06	0.322223405951	0.322223405951	0.322223405951	1.46342071252e-06	0.322223405951	0.322223405951	0.322223405951	0.322223405951	0.322223405951	0.322223405951	0.322223405951	0.322223405951	0.322223405951
GO:0071705	nitrogen compound transport	P	758	5	5	0.322223405951	0.322223405951	9.8290749501e-10	0.322223405951	0.322223405951	0.322223405951	9.04517644775e-11	0.322223405951	0.322223405951	0.322223405951	0.322223405951	0.322223405951	0.322223405951	0.322223405951	0.322223405951	0.322223405951
GO:0071702	organic substance transport	P	1775	13	21	0.322223405951	0.322223405951	0.0831989669294	0.322223405951	0.322223405951	0.322223405951	0.0958982917224	0.322223405951	0.322223405951	0.322223405951	0.322223405951	0.322223405951	0.322223405951	0.322223405951	0.322223405951	0.322223405951
GO:0080135	regulation of cellular response to stress	P	381	4	7	0.322223405951	0.322223405951	0.322223405951	0.322223405951	0.322223405951	0.322223405951	0.322223405951	0.322223405951	0.322223405951	0.322223405951	0.322223405951	0.322223405951	0.322223405951	0.322223405951	0.322223405951	0.322223405951
GO:0009791	post-embryonic development	P	1854	16	23	0.322223405951	0.322223405951	0.159386051975	0.322223405951	2.78550104924e-31	0.322223405951	1.52400734751e-15	0.159386051975	0.322223405951	0.0	0.322223405951	0.322223405951	0.322223405951	0.322223405951	0.322223405951	0.322223405951
GO:0046483	heterocycle metabolic process	P	3135	66	71	0.322223405951	0.322223405951	3.78511060117e-15	0.322223405951	0.322223405951	0.322223405951	3.78511060117e-15	0.322223405951	0.322223405951	0.322223405951	0.322223405951	0.322223405951	0.322223405951	0.322223405951	0.322223405951	0.322223405951
GO:0009893	positive regulation of metabolic process	P	598	4	8	0.322223405951	0.322223405951	0.322223405951	0.322223405951	0.322223405951	0.322223405951	0.322223405951	0.322223405951	0.322223405951	0.322223405951	0.322223405951	0.322223405951	0.322223405951	0.322223405951	0.322223405951	0.322223405951
GO:0009891	positive regulation of biosynthetic process	P	576	4	8	0.322223405951	0.322223405951	0.322223405951	0.322223405951	0.322223405951	0.322223405951	0.322223405951	0.322223405951	0.322223405951	0.322223405951	0.322223405951	0.322223405951	0.322223405951	0.322223405951	0.322223405951	0.322223405951
GO:0009409	response to cold	P	604	5	7	0.322223405951	0.322223405951	0.322223405951	0.322223405951	6.07528927122e-21	0.322223405951	0.322223405951	0.322223405951	0.322223405951	0.322223405951	0.322223405951	0.322223405951	0.322223405951	0.322223405951	0.322223405951	0.322223405951
GO:0009408	response to heat	P	293	8	11	0.322223405951	0.322223405951	0.000538254200937	0.322223405951	0.322223405951	0.322223405951	0.000263427746826	0.322223405951	0.322223405951	0.322223405951	0.322223405951	0.322223405951	0.322223405951	0.322223405951	0.322223405951	0.322223405951
GO:0005515	protein binding	M	2295	84	79	0.322223405951	0.322223405951	6.20353382251e-24	0.322223405951	1.01780959773e-49	2.19496557606e-05	1.88089145157e-42	1.02683250267e-11	0.322223405951	2.1587791235e-49	0.0	0.00100132738394	0.322223405951	0.0831989669294	0.322223405951	0.322223405951
GO:0006996	organelle organization	P	1936	8	11	0.322223405951	0.322223405951	0.322223405951	0.322223405951	6.8769854173e-14	0.322223405951	2.72839915043e-07	0.322223405951	0.322223405951	0.0	0.322223405951	0.322223405951	0.322223405951	0.322223405951	0.322223405951	0.322223405951
GO:0003006	developmental process involved in reproduction	P	1841	22	28	0.322223405951	0.322223405951	0.114719859921	0.322223405951	1.11551162501e-25	0.0127683316054	1.95653825252e-19	0.0237784661239	0.322223405951	1.40909127358e-30	2.71690605285e-43	0.322223405951	0.322223405951	0.322223405951	0.322223405951	0.322223405951
GO:0021700	developmental maturation	P	324	4	6	0.322223405951	0.322223405951	0.322223405951	0.322223405951	0.322223405951	0.322223405951	0.322223405951	0.322223405951	0.322223405951	0.322223405951	0.322223405951	0.322223405951	0.322223405951	0.322223405951	0.322223405951	0.322223405951
GO:0016301	kinase activity	M	1241	18	19	0.322223405951	0.322223405951	0.322223405951	0.322223405951	0.322223405951	0.322223405951	0.322223405951	0.322223405951	0.322223405951	0.322223405951	0.322223405951	0.322223405951	0.322223405951	0.322223405951	0.322223405951	0.322223405951
GO:0060560	developmental growth involved in morphogenesis	P	482	5	7	0.322223405951	0.322223405951	3.18357195807e-05	0.322223405951	0.322223405951	0.322223405951	3.18357195807e-05	0.322223405951	0.322223405951	0.322223405951	0.322223405951	0.322223405951	0.322223405951	0.322223405951	0.322223405951	0.322223405951
GO:0006082	organic acid metabolic process	P	1838	42	44	0.322223405951	0.322223405951	1.27671583671e-08	0.322223405951	8.74266164546e-13	0.0831989669294	4.68310732385e-05	4.08983716554e-08	0.322223405951	2.28996073459e-34	0.0	0.322223405951	0.322223405951	2.0809436725e-37	0.322223405951	0.322223405951
GO:0031328	positive regulation of cellular biosynthetic process	P	576	4	8	0.322223405951	0.322223405951	0.322223405951	0.322223405951	0.322223405951	0.322223405951	0.322223405951	0.322223405951	0.322223405951	0.322223405951	0.322223405951	0.322223405951	0.322223405951	0.322223405951	0.322223405951	0.322223405951
GO:0031326	regulation of cellular biosynthetic process	P	2301	287	197	0.322223405951	0.322223405951	2.74785384784e-51	0.322223405951	5.81324410828e-64	2.20344275117e-13	5.39150145141e-62	1.65627344546e-28	0.00543628223952	2.3795158807e-55	1.24535260182e-116	2.07076135109e-16	4.77706886795e-05	0.000293282185123	0.159386051975	0.0
GO:0031325	positive regulation of cellular metabolic process	P	592	4	8	0.322223405951	0.322223405951	0.322223405951	0.322223405951	0.322223405951	0.322223405951	0.322223405951	0.322223405951	0.322223405951	0.322223405951	0.322223405951	0.322223405951	0.322223405951	0.322223405951	0.322223405951	0.322223405951
GO:0031323	regulation of cellular metabolic process	P	2628	445	273	0.322223405951	0.322223405951	6.23878182577e-39	0.322223405951	2.68438222368e-63	2.83204749468e-10	5.04361522466e-28	3.33378279473e-35	0.000214267257201	3.35951837141e-59	1.92633671212e-121	4.06912904561e-09	0.00100132738394	0.000221342794702	0.322223405951	0.0
GO:0005576	extracellular region	C	1978	8	9	0.322223405951	0.322223405951	0.322223405951	0.322223405951	0.322223405951	0.322223405951	0.322223405951	0.322223405951	0.322223405951	0.322223405951	0.322223405951	0.322223405951	0.322223405951	0.322223405951	0.322223405951	0.322223405951
GO:0002252	immune effector process	P	274	18	14	0.322223405951	0.322223405951	1.66230692316e-06	0.322223405951	4.19034905905e-19	7.9296466463e-06	1.39926379797e-05	2.39004507959e-08	0.322223405951	1.49128493515e-34	5.65894961306e-64	0.000222086938225	0.0193301128275	0.0443151771535	0.322223405951	0.322223405951
GO:0000904	cell morphogenesis involved in differentiation	P	385	4	5	0.322223405951	0.322223405951	8.64072454073e-11	0.322223405951	0.322223405951	0.322223405951	8.64072454073e-11	0.322223405951	0.322223405951	0.322223405951	0.322223405951	0.322223405951	0.322223405951	0.322223405951	0.322223405951	0.322223405951
GO:0000902	cell morphogenesis	P	566	5	7	0.322223405951	0.322223405951	0.00013234126807	0.322223405951	0.322223405951	0.322223405951	0.00013234126807	0.322223405951	0.322223405951	0.322223405951	0.322223405951	0.322223405951	0.322223405951	0.322223405951	0.322223405951	0.322223405951
GO:0009856	pollination	P	325	4	5	0.322223405951	0.322223405951	2.74575934934e-10	0.322223405951	0.322223405951	0.322223405951	2.74575934934e-10	0.322223405951	0.322223405951	0.322223405951	0.322223405951	0.322223405951	0.322223405951	0.322223405951	0.322223405951	0.322223405951
GO:0008104	protein localization	P	1136	4	7	0.322223405951	0.322223405951	0.322223405951	0.322223405951	0.322223405951	0.322223405951	0.322223405951	0.322223405951	0.322223405951	0.322223405951	0.322223405951	0.322223405951	0.322223405951	0.322223405951	0.322223405951	0.322223405951
GO:0071446	cellular response to salicylic acid stimulus	P	350	5	9	0.322223405951	0.322223405951	0.322223405951	0.322223405951	0.322223405951	0.322223405951	0.322223405951	0.322223405951	0.322223405951	0.322223405951	0.322223405951	0.322223405951	0.322223405951	0.322223405951	0.322223405951	0.322223405951
GO:0006605	protein targeting	P	888	4	7	0.322223405951	0.322223405951	0.322223405951	0.322223405951	0.322223405951	0.322223405951	0.322223405951	0.322223405951	0.322223405951	0.322223405951	0.322223405951	0.322223405951	0.322223405951	0.322223405951	0.322223405951	0.322223405951
GO:0006955	immune response	P	687	21	17	0.322223405951	0.322223405951	5.02710607041e-27	0.322223405951	0.322223405951	0.322223405951	4.56611640035e-27	0.322223405951	0.322223405951	0.322223405951	0.322223405951	0.322223405951	0.322223405951	0.322223405951	0.322223405951	0.322223405951
GO:0051252	regulation of RNA metabolic process	P	2074	246	165	0.322223405951	0.322223405951	4.61869226282e-48	0.322223405951	2.60132896526e-60	2.57628557289e-14	2.46655961203e-57	6.56743950719e-22	0.00683340014957	2.83040599189e-50	4.13468397198e-108	2.21762414683e-15	9.19595244749e-05	0.000222086938225	0.322223405951	0.0
GO:0015698	inorganic anion transport	P	289	6	7	0.322223405951	0.322223405951	9.72717212438e-16	0.322223405951	0.322223405951	0.322223405951	1.00063845827e-16	0.322223405951	0.322223405951	0.322223405951	0.322223405951	0.322223405951	0.322223405951	0.322223405951	0.322223405951	0.322223405951
GO:0051649	establishment of localization in cell	P	1424	4	7	0.322223405951	0.322223405951	0.322223405951	0.322223405951	0.322223405951	0.322223405951	0.322223405951	0.322223405951	0.322223405951	0.322223405951	0.322223405951	0.322223405951	0.322223405951	0.322223405951	0.322223405951	0.322223405951
GO:0051641	cellular localization	P	1516	11	13	0.322223405951	0.322223405951	0.322223405951	0.322223405951	1.65314134372e-10	0.322223405951	6.26479707624e-10	0.322223405951	0.322223405951	7.08019796347e-20	0.322223405951	0.322223405951	0.322223405951	0.322223405951	0.322223405951	0.322223405951
GO:0009873	ethylene mediated signaling pathway	P	112	18	11	0.322223405951	0.322223405951	0.000354984877774	0.322223405951	1.84469252566e-18	7.56861052517e-07	0.656598556901	6.88566808285e-06	0.0443151771535	1.25467657001e-24	1.26253765974e-48	6.77501349114e-06	3.26468195294e-06	0.00191735286375	0.0127683316054	0.159386051975
GO:0044248	cellular catabolic process	P	1519	10	13	0.322223405951	0.322223405951	0.000112302299792	0.322223405951	0.322223405951	0.322223405951	0.00013234126807	0.322223405951	0.322223405951	0.322223405951	0.322223405951	0.322223405951	0.322223405951	0.322223405951	0.322223405951	0.322223405951
GO:0044249	cellular biosynthetic process	P	4179	167	149	0.322223405951	0.322223405951	8.01205735864e-32	0.322223405951	2.64544223614e-33	0.0237784661239	2.60000554399e-17	4.57089347402e-23	0.322223405951	1.5882370861e-43	1.7054077305e-59	0.159386051975	0.322223405951	1.46944119784e-33	0.322223405951	0.322223405951
GO:0009651	response to salt stress	P	736	10	14	0.322223405951	0.322223405951	0.000246066842432	0.322223405951	0.322223405951	0.322223405951	0.00013234126807	0.322223405951	0.322223405951	0.322223405951	0.322223405951	0.322223405951	0.322223405951	0.322223405951	0.322223405951	0.322223405951
GO:0009653	anatomical structure morphogenesis	P	1587	41	53	0.322223405951	0.322223405951	5.45878430301e-05	0.322223405951	2.42371113308e-31	0.322223405951	1.71554076085e-21	0.0127683316054	0.322223405951	0.0	0.322223405951	0.322223405951	0.322223405951	0.322223405951	0.322223405951	0.322223405951
