GO:0050789	regulation of biological process	P	3171	154	136	0.322223405951	0.322223405951	6.18615828849e-22	0.322223405951	1.88574566874e-46	3.4015278293e-06	1.1141081077e-40	1.8359284958e-14	0.322223405951	2.65324723613e-52	1.53030398335e-118	0.00293981572717	0.322223405951	0.322223405951	0.322223405951	0.322223405951
GO:0006629	lipid metabolic process	P	1315	6	7	0.322223405951	0.322223405951	0.322223405951	0.322223405951	0.322223405951	0.322223405951	0.322223405951	0.322223405951	0.322223405951	0.322223405951	0.322223405951	0.322223405951	0.322223405951	0.322223405951	0.322223405951	0.322223405951
GO:0006970	response to osmotic stress	P	840	8	10	0.322223405951	0.322223405951	0.00363470385034	0.322223405951	4.11947175536e-18	0.322223405951	1.94145534207e-14	0.322223405951	0.322223405951	1.35589531974e-31	0.322223405951	0.322223405951	0.322223405951	0.322223405951	0.322223405951	0.322223405951
GO:0006972	hyperosmotic response	P	289	6	7	0.322223405951	0.322223405951	3.18357195807e-05	0.322223405951	2.22922966845e-12	0.322223405951	7.42638032802e-11	0.0831989669294	0.322223405951	3.90677611473e-21	0.322223405951	0.322223405951	0.322223405951	0.0831989669294	0.322223405951	0.322223405951
GO:0044710	single-organism metabolic process	P	3180	33	40	0.322223405951	0.322223405951	6.91555478045e-15	0.322223405951	4.23389818036e-41	0.322223405951	1.11623864344e-08	0.0237784661239	0.322223405951	0.0	0.322223405951	0.322223405951	0.322223405951	0.322223405951	0.322223405951	0.322223405951
GO:0044711	single-organism biosynthetic process	P	1460	8	11	0.322223405951	0.322223405951	6.54588810556e-05	0.322223405951	0.322223405951	0.322223405951	6.54588810556e-05	0.322223405951	0.322223405951	0.322223405951	0.322223405951	0.322223405951	0.322223405951	0.322223405951	0.322223405951	0.322223405951
GO:0070887	cellular response to chemical stimulus	P	1170	17	22	0.322223405951	0.322223405951	0.322223405951	0.322223405951	3.27620706738e-27	0.322223405951	2.32513209538e-26	0.322223405951	0.322223405951	6.51038139831e-36	0.322223405951	0.322223405951	0.322223405951	0.322223405951	0.322223405951	0.322223405951
GO:0048731	system development	P	1958	47	34	0.322223405951	0.322223405951	0.69988782474	0.322223405951	4.73722780228e-32	1.99961218789e-14	2.61180651141e-28	1.53788742275e-13	0.00683340014957	6.80453120714e-27	8.10755003069e-71	2.58656004072e-07	0.000629608348409	1.75264651649e-06	0.0237784661239	0.322223405951
GO:1901363	heterocyclic compound binding	M	2905	148	127	0.322223405951	0.322223405951	6.66584063622e-16	0.322223405951	1.21303358162e-52	0.00131369341913	2.70315760413e-38	2.58332170886e-20	0.322223405951	6.43330283625e-55	0.0	0.00293981572717	0.322223405951	0.0237784661239	0.322223405951	0.322223405951
GO:1901360	organic cyclic compound metabolic process	P	2847	4	7	0.322223405951	0.322223405951	0.322223405951	0.322223405951	0.322223405951	0.322223405951	0.322223405951	0.322223405951	0.322223405951	0.322223405951	0.322223405951	0.322223405951	0.322223405951	0.322223405951	0.322223405951	0.322223405951
GO:0043436	oxoacid metabolic process	P	1645	11	16	0.322223405951	0.322223405951	0.000263427746826	0.322223405951	0.322223405951	0.322223405951	0.000263427746826	0.322223405951	0.322223405951	0.322223405951	0.322223405951	0.322223405951	0.322223405951	0.322223405951	0.322223405951	0.322223405951
GO:0003676	nucleic acid binding	M	1234	78	69	0.322223405951	0.322223405951	2.12086746177e-17	0.322223405951	4.91058274051e-42	1.87794201685e-06	1.78784729471e-32	1.01243066277e-14	0.322223405951	1.43153490738e-34	1.05651403374e-98	1.52037937576e-05	0.159386051975	0.00191735286375	0.322223405951	0.322223405951
GO:0003677	DNA binding	M	660	51	42	0.322223405951	0.322223405951	9.02831169761e-25	0.322223405951	2.28264430291e-38	6.60531349168e-13	5.50618995861e-33	1.03299971842e-13	0.0127683316054	1.3535728374e-07	2.53474582067e-86	2.67005346969e-06	0.00205179402418	0.00191735286375	0.322223405951	0.322223405951
GO:0097159	organic cyclic compound binding	M	2911	148	127	0.322223405951	0.322223405951	1.02146748723e-12	0.322223405951	8.78061894984e-51	0.000565142029664	2.77823603475e-35	2.46415729997e-17	0.322223405951	1.7691942258e-53	0.0	0.0237784661239	0.322223405951	0.0127683316054	0.322223405951	0.322223405951
GO:0043412	macromolecule modification	P	1864	5	7	0.322223405951	0.322223405951	0.322223405951	0.322223405951	0.322223405951	0.322223405951	0.322223405951	0.322223405951	0.322223405951	0.322223405951	0.322223405951	0.322223405951	0.322223405951	0.322223405951	0.322223405951	0.322223405951
GO:0048869	cellular developmental process	P	1096	13	10	0.322223405951	0.322223405951	3.66779367521e-06	0.322223405951	9.58321192322e-21	1.45699385947e-08	4.86271724011e-14	0.0443151771535	0.322223405951	4.04277874189e-11	5.81554962032e-52	3.88197299246e-05	0.322223405951	0.322223405951	0.322223405951	0.322223405951
GO:0051234	establishment of localization	P	2452	12	17	0.322223405951	0.322223405951	0.322223405951	0.322223405951	0.322223405951	0.322223405951	0.322223405951	0.322223405951	0.322223405951	0.322223405951	0.322223405951	0.322223405951	0.322223405951	0.322223405951	0.322223405951	0.322223405951
GO:0061458	reproductive system development	P	1194	38	20	0.322223405951	0.322223405951	1.31424394276e-17	0.322223405951	4.83033713841e-34	2.17351203278e-19	1.68055750398e-27	1.80118500277e-15	0.00100132738394	3.64441859707e-33	2.7656134152e-64	1.74381369073e-07	7.93326584036e-09	1.53422893386e-10	0.00543628223952	0.322223405951
GO:0048513	organ development	P	1497	35	27	0.322223405951	0.322223405951	0.00969333120948	0.322223405951	2.52259244142e-29	1.21132785071e-12	2.61030234571e-26	6.81545343166e-10	0.322223405951	2.52493422462e-23	5.90321715582e-76	8.28498041121e-08	0.00055667604589	0.00363470385034	0.322223405951	0.322223405951
GO:0048518	positive regulation of biological process	P	821	5	9	0.322223405951	0.322223405951	0.322223405951	0.322223405951	0.322223405951	0.322223405951	0.322223405951	0.322223405951	0.322223405951	0.322223405951	0.322223405951	0.322223405951	0.322223405951	0.322223405951	0.322223405951	0.322223405951
GO:0048519	negative regulation of biological process	P	1069	8	15	0.322223405951	0.322223405951	0.322223405951	0.322223405951	0.322223405951	0.322223405951	0.322223405951	0.322223405951	0.322223405951	0.322223405951	0.322223405951	0.322223405951	0.322223405951	0.322223405951	0.322223405951	0.322223405951
GO:0002376	immune system process	P	861	7	10	0.322223405951	0.322223405951	0.322223405951	0.322223405951	2.24329814336e-17	0.322223405951	1.88919961949e-12	0.322223405951	0.322223405951	2.71690605285e-43	0.322223405951	0.322223405951	0.322223405951	0.322223405951	0.322223405951	0.322223405951
GO:0048646	anatomical structure formation involved in morphogenesis	P	1182	14	12	0.322223405951	0.322223405951	0.00543628223952	0.322223405951	2.1615825307e-22	5.60258448916e-08	7.14534165912e-18	0.000263427746826	0.322223405951	1.14415949778e-17	1.54086217027e-54	0.00363470385034	0.322223405951	0.0831989669294	0.322223405951	0.322223405951
GO:0071495	cellular response to endogenous stimulus	P	684	13	17	0.322223405951	0.322223405951	0.322223405951	0.322223405951	4.22337947994e-19	0.322223405951	2.079548827e-14	0.322223405951	0.322223405951	6.51038139831e-36	0.322223405951	0.322223405951	0.322223405951	0.322223405951	0.322223405951	0.322223405951
GO:0035670	plant-type ovary development	P	158	13	9	0.322223405951	0.322223405951	4.77706886795e-05	0.322223405951	9.82704856307e-21	2.02835637803e-10	1.19997013468e-12	0.322223405951	0.322223405951	1.00245561396e-09	2.43354896201e-51	1.39828220877e-08	0.322223405951	0.322223405951	0.322223405951	0.322223405951
GO:0002682	regulation of immune system process	P	468	4	8	0.322223405951	0.322223405951	0.322223405951	0.322223405951	0.322223405951	0.322223405951	0.322223405951	0.322223405951	0.322223405951	0.322223405951	0.322223405951	0.322223405951	0.322223405951	0.322223405951	0.322223405951	0.322223405951
GO:0051707	response to other organism	P	1249	9	13	0.322223405951	0.322223405951	0.0127683316054	0.322223405951	1.12754751186e-19	0.322223405951	8.64072454073e-11	0.0831989669294	0.322223405951	6.51038139831e-36	0.322223405951	0.322223405951	0.322223405951	0.322223405951	0.322223405951	0.322223405951
GO:0051704	multi-organism process	P	1494	13	18	0.322223405951	0.322223405951	0.00543628223952	0.322223405951	3.17886215313e-33	0.322223405951	5.64851529855e-14	0.0443151771535	0.322223405951	0.0	0.322223405951	0.322223405951	0.322223405951	0.322223405951	0.322223405951	0.322223405951
GO:0071840	cellular component organization or biogenesis	P	2917	21	29	0.322223405951	0.322223405951	3.80640580197e-05	0.322223405951	0.322223405951	0.322223405951	7.62705801599e-05	0.322223405951	0.322223405951	0.322223405951	0.322223405951	0.322223405951	0.322223405951	0.322223405951	0.322223405951	0.322223405951
GO:0016053	organic acid biosynthetic process	P	1065	7	10	0.322223405951	0.322223405951	0.00013234126807	0.322223405951	0.322223405951	0.322223405951	0.00013234126807	0.322223405951	0.322223405951	0.322223405951	0.322223405951	0.322223405951	0.322223405951	0.322223405951	0.322223405951	0.322223405951
GO:0005634	nucleus	C	3650	192	156	0.322223405951	0.322223405951	0.00164294610013	0.322223405951	4.571935341e-48	1.10923384767e-05	1.95351666562e-37	5.15124359693e-22	0.322223405951	8.49743459648e-52	1.99585612572e-104	0.018545610562	0.159386051975	0.0127683316054	0.322223405951	0.322223405951
GO:0006725	cellular aromatic compound metabolic process	P	2706	4	7	0.322223405951	0.322223405951	0.322223405951	0.322223405951	0.322223405951	0.322223405951	0.322223405951	0.322223405951	0.322223405951	0.322223405951	0.322223405951	0.322223405951	0.322223405951	0.322223405951	0.322223405951	0.322223405951
GO:0070727	cellular macromolecule localization	P	1023	4	7	0.322223405951	0.322223405951	0.322223405951	0.322223405951	0.322223405951	0.322223405951	0.322223405951	0.322223405951	0.322223405951	0.322223405951	0.322223405951	0.322223405951	0.322223405951	0.322223405951	0.322223405951	0.322223405951
GO:0006886	intracellular protein transport	P	989	4	7	0.322223405951	0.322223405951	0.322223405951	0.322223405951	0.322223405951	0.322223405951	0.322223405951	0.322223405951	0.322223405951	0.322223405951	0.322223405951	0.322223405951	0.322223405951	0.322223405951	0.322223405951	0.322223405951
GO:0045088	regulation of innate immune response	P	462	4	8	0.322223405951	0.322223405951	0.322223405951	0.322223405951	0.322223405951	0.322223405951	0.322223405951	0.322223405951	0.322223405951	0.322223405951	0.322223405951	0.322223405951	0.322223405951	0.322223405951	0.322223405951	0.322223405951
GO:0046983	protein dimerization activity	M	163	6	4	0.322223405951	0.322223405951	0.322223405951	0.322223405951	0.0237784661239	0.00013234126807	0.322223405951	0.322223405951	0.322223405951	0.00013234126807	2.08079503272e-36	1.13044874977e-07	0.322223405951	0.322223405951	0.322223405951	0.322223405951
GO:0042221	response to chemical stimulus	P	2683	74	70	0.322223405951	0.322223405951	2.32210362137e-18	0.322223405951	4.06366141598e-38	0.322223405951	0.8236629492	3.76065996158e-13	0.322223405951	1.75548606752e-68	0.322223405951	0.322223405951	0.322223405951	0.322223405951	0.322223405951	0.322223405951
GO:0003700	sequence-specific DNA binding transcription factor activity	M	461	41	27	0.322223405951	0.322223405951	1.78979065945e-24	0.322223405951	1.58619261538e-36	2.42845118787e-16	3.61516999246e-24	1.43077671494e-07	0.0237784661239	5.112917175e-16	3.51368628898e-71	3.20026072391e-11	1.883129206e-06	0.0110575854028	0.159386051975	0.322223405951
GO:0010363	regulation of plant-type hypersensitive response	P	433	4	8	0.322223405951	0.322223405951	0.322223405951	0.322223405951	0.322223405951	0.322223405951	0.322223405951	0.322223405951	0.322223405951	0.322223405951	0.322223405951	0.322223405951	0.322223405951	0.322223405951	0.322223405951	0.322223405951
GO:0001071	nucleic acid binding transcription factor activity	M	461	41	27	0.322223405951	0.322223405951	1.85956280375e-24	0.322223405951	5.77956369629e-36	1.13800904869e-17	9.51117018048e-27	6.49724374164e-10	0.0237784661239	8.98761307791e-18	2.50452532464e-70	2.44049879107e-13	1.25656213215e-05	0.159386051975	0.159386051975	0.322223405951
GO:0010033	response to organic substance	P	2012	58	55	0.322223405951	0.322223405951	6.79163823573e-19	0.322223405951	3.57583319418e-37	0.322223405951	0.000284154603608	2.00584568081e-07	0.322223405951	0.0	0.322223405951	0.322223405951	0.322223405951	0.322223405951	0.322223405951	0.322223405951
GO:0048481	ovule development	P	158	13	9	0.322223405951	0.322223405951	3.85412736529e-06	0.322223405951	9.36918778666e-24	3.61547349737e-10	2.57993563735e-13	0.322223405951	0.322223405951	8.59491930912e-13	3.99635154759e-53	3.87818825503e-08	0.322223405951	0.322223405951	0.322223405951	0.322223405951
GO:0043169	cation binding	M	1287	7	12	0.322223405951	0.322223405951	0.322223405951	0.322223405951	0.322223405951	0.322223405951	0.322223405951	0.322223405951	0.322223405951	0.322223405951	0.322223405951	0.322223405951	0.322223405951	0.322223405951	0.322223405951	0.322223405951
GO:0009725	response to hormone stimulus	P	1172	28	32	0.322223405951	0.322223405951	3.28462313959e-10	0.322223405951	1.91281913579e-25	0.322223405951	0.0158797790825	0.00543628223952	0.322223405951	2.71690605285e-43	0.322223405951	0.322223405951	0.322223405951	0.322223405951	0.322223405951	0.322223405951
GO:0009723	response to ethylene stimulus	P	324	4	5	0.322223405951	0.322223405951	0.322223405951	0.322223405951	9.31758488603e-09	0.322223405951	7.11990363961e-06	0.322223405951	0.322223405951	3.32025688665e-24	0.322223405951	0.322223405951	0.322223405951	0.322223405951	0.322223405951	0.322223405951
GO:0019752	carboxylic acid metabolic process	P	1641	11	16	0.322223405951	0.322223405951	1.52037937576e-05	0.322223405951	0.322223405951	0.322223405951	1.52037937576e-05	0.322223405951	0.322223405951	0.322223405951	0.322223405951	0.322223405951	0.322223405951	0.322223405951	0.322223405951	0.322223405951
GO:0007154	cell communication	P	1523	31	38	0.322223405951	0.322223405951	2.64346203271e-05	0.322223405951	3.44196122669e-34	0.322223405951	2.44155586893e-20	0.00191735286375	0.322223405951	1.97996276415e-49	0.322223405951	0.322223405951	0.322223405951	0.322223405951	0.322223405951	0.322223405951
GO:0009266	response to temperature stimulus	P	839	7	11	0.322223405951	0.322223405951	0.0237784661239	0.322223405951	0.322223405951	0.322223405951	0.0237784661239	0.322223405951	0.322223405951	0.322223405951	0.322223405951	0.322223405951	0.322223405951	0.322223405951	0.322223405951	0.322223405951
GO:0048608	reproductive structure development	P	1194	38	20	0.322223405951	0.322223405951	1.09042118077e-16	0.322223405951	2.78829506331e-29	1.25034780272e-16	1.85842597891e-25	2.66412037237e-17	0.00157177540832	3.38042882901e-34	1.2386562654e-69	2.81845164673e-08	8.93841213023e-07	5.14933655959e-09	0.0099491525424	0.322223405951
GO:0022414	reproductive process	P	1648	39	22	0.322223405951	0.322223405951	1.09604888518e-10	0.322223405951	9.6024882801e-30	3.9827622999e-19	1.67448642141e-25	1.37435183237e-15	0.0127683316054	2.04219677699e-36	1.95171083738e-78	2.56507336512e-08	5.33094402041e-08	9.35623887308e-09	0.0193301128275	0.322223405951
GO:0019222	regulation of metabolic process	P	1813	98	89	0.322223405951	0.322223405951	9.55479917028e-24	0.322223405951	1.07729642302e-40	6.35310652872e-09	3.165066078e-36	3.02690803442e-15	0.322223405951	2.77876580841e-36	1.29394762852e-81	3.65428956384e-06	0.0099491525424	0.0127683316054	0.322223405951	0.322223405951
GO:0080090	regulation of primary metabolic process	P	1425	77	66	0.322223405951	0.322223405951	3.52178303317e-24	0.322223405951	2.62693393036e-38	3.15279269529e-11	3.1644585073e-35	9.77770220805e-15	0.0831989669294	6.37806883246e-35	2.83769517883e-102	7.39550832317e-09	0.00543628223952	0.00191735286375	0.159386051975	0.322223405951
GO:0048440	carpel development	P	188	13	9	0.322223405951	0.322223405951	7.73611644629e-06	0.322223405951	2.18176801372e-17	1.03717131342e-10	2.222377167e-11	0.322223405951	0.322223405951	4.26939112356e-13	2.62068853318e-38	4.76726657785e-09	0.322223405951	0.322223405951	0.322223405951	0.322223405951
GO:0009908	flower development	P	519	23	12	0.322223405951	0.322223405951	3.61231540698e-15	0.322223405951	4.43277271467e-28	1.28274038661e-20	3.82061045694e-18	0.000112302299792	0.0237784661239	0.0479043018296	6.24325452685e-59	1.59266094625e-09	1.11299547271e-09	0.0127683316054	0.00055667604589	0.322223405951
GO:0006464	cellular protein modification process	P	1580	5	7	0.322223405951	0.322223405951	0.322223405951	0.322223405951	0.322223405951	0.322223405951	0.322223405951	0.322223405951	0.322223405951	0.322223405951	0.322223405951	0.322223405951	0.322223405951	0.322223405951	0.322223405951	0.322223405951
GO:0048856	anatomical structure development	P	2282	53	41	0.322223405951	0.322223405951	0.00574100639506	0.322223405951	1.05771665896e-34	2.91369411813e-14	2.16389613338e-30	2.98449138909e-18	0.00100132738394	1.13443983597e-32	9.95106749717e-75	1.52037937576e-05	9.69805955527e-05	0.000263427746826	0.322223405951	0.322223405951
GO:0048467	gynoecium development	P	197	13	9	0.322223405951	0.322223405951	0.00102419945905	0.322223405951	1.51171929543e-19	2.97689553363e-13	3.20026072391e-11	0.322223405951	0.322223405951	2.62743374511e-07	1.5280805988e-43	1.73419879327e-08	0.322223405951	0.322223405951	0.322223405951	0.322223405951
GO:0048468	cell development	P	684	7	5	0.322223405951	0.322223405951	0.322223405951	0.322223405951	1.04578222463e-09	0.00683340014957	2.72839915043e-07	0.322223405951	0.322223405951	7.72900913784e-20	6.26126393533e-32	3.18357195807e-05	0.322223405951	0.322223405951	0.322223405951	0.322223405951
GO:0010243	response to organic nitrogen	P	425	5	6	0.322223405951	0.322223405951	0.322223405951	0.322223405951	1.58391479701e-07	0.322223405951	0.00100132738394	0.322223405951	0.322223405951	1.57652063648e-28	0.322223405951	0.322223405951	0.322223405951	0.322223405951	0.322223405951	0.322223405951
GO:0043170	macromolecule metabolic process	P	3845	31	35	0.322223405951	0.322223405951	8.80889181552e-08	0.322223405951	0.322223405951	0.322223405951	3.01807221592e-07	0.322223405951	0.322223405951	0.322223405951	0.322223405951	0.322223405951	0.322223405951	0.322223405951	0.322223405951	0.322223405951
GO:0046907	intracellular transport	P	1278	5	8	0.322223405951	0.322223405951	0.322223405951	0.322223405951	0.322223405951	0.322223405951	0.322223405951	0.322223405951	0.322223405951	0.322223405951	0.322223405951	0.322223405951	0.322223405951	0.322223405951	0.322223405951	0.322223405951
GO:0032502	developmental process	P	2645	56	44	0.322223405951	0.322223405951	4.73970578132e-08	0.322223405951	1.50352144493e-33	1.20313740089e-09	7.85265052316e-32	2.41257343327e-15	0.0237784661239	1.41639421359e-33	4.90812093996e-91	2.66307273409e-05	0.00100132738394	6.54588810556e-05	0.322223405951	0.322223405951
GO:0032501	multicellular organismal process	P	2608	57	41	0.322223405951	0.322223405951	0.662970060313	0.322223405951	8.43408103736e-34	1.05723588902e-13	1.89835734795e-30	2.00550881995e-17	0.018040323892	2.15478147715e-36	6.06373049042e-75	2.52113896872e-06	0.00013234126807	9.18935270461e-06	0.0958982917224	0.322223405951
GO:0065007	biological regulation	P	3441	161	144	0.322223405951	0.322223405951	7.80802859675e-26	0.322223405951	2.29426967145e-51	1.77427973014e-07	2.83753920031e-44	7.18652134965e-18	0.0831989669294	1.42606726428e-54	1.53030398335e-118	0.00543628223952	0.0831989669294	0.159386051975	0.322223405951	0.322223405951
GO:0010468	regulation of gene expression	P	1220	69	59	0.322223405951	0.322223405951	2.09672562205e-27	0.322223405951	7.78721290243e-42	4.91709583932e-11	1.17679142307e-36	5.94002643804e-12	0.322223405951	1.54604095627e-30	1.2476398199e-90	4.08983716554e-08	0.00543628223952	0.000829991969818	0.322223405951	0.322223405951
GO:0044281	small molecule metabolic process	P	2295	12	17	0.322223405951	0.322223405951	0.00013234126807	0.322223405951	0.322223405951	0.322223405951	0.00013234126807	0.322223405951	0.322223405951	0.322223405951	0.322223405951	0.322223405951	0.322223405951	0.322223405951	0.322223405951	0.322223405951
GO:0044283	small molecule biosynthetic process	P	1289	8	11	0.322223405951	0.322223405951	0.0127683316054	0.322223405951	0.322223405951	0.322223405951	0.0127683316054	0.322223405951	0.322223405951	0.322223405951	0.322223405951	0.322223405951	0.322223405951	0.322223405951	0.322223405951	0.322223405951
GO:0097305	response to alcohol	P	606	19	21	0.322223405951	0.322223405951	8.99347575025e-07	0.322223405951	1.56940526895e-30	0.322223405951	0.0673468289659	0.0237784661239	0.322223405951	0.0	0.322223405951	0.322223405951	0.322223405951	0.322223405951	0.322223405951	0.322223405951
GO:0097306	cellular response to alcohol	P	280	10	12	0.322223405951	0.322223405951	0.322223405951	0.322223405951	2.40873735546e-22	0.322223405951	8.4478180335e-17	0.322223405951	0.322223405951	2.71690605285e-43	0.322223405951	0.322223405951	0.322223405951	0.322223405951	0.322223405951	0.322223405951
GO:0009416	response to light stimulus	P	922	4	8	0.322223405951	0.322223405951	0.322223405951	0.322223405951	0.322223405951	0.322223405951	0.322223405951	0.322223405951	0.322223405951	0.322223405951	0.322223405951	0.322223405951	0.322223405951	0.322223405951	0.322223405951	0.322223405951
GO:0009414	response to water deprivation	P	367	4	4	0.322223405951	0.322223405951	0.322223405951	0.322223405951	8.64072454073e-11	0.322223405951	0.322223405951	0.322223405951	0.322223405951	1.46601424401e-22	0.322223405951	0.322223405951	0.322223405951	0.322223405951	0.322223405951	0.322223405951
GO:0009415	response to water stimulus	P	370	4	4	0.322223405951	0.322223405951	0.322223405951	0.322223405951	8.29873136687e-10	0.322223405951	0.322223405951	0.322223405951	0.322223405951	8.4478180335e-17	0.322223405951	0.322223405951	0.322223405951	0.322223405951	0.322223405951	0.322223405951
GO:0044765	single-organism transport	P	2187	11	16	0.322223405951	0.322223405951	0.322223405951	0.322223405951	0.322223405951	0.322223405951	0.322223405951	0.322223405951	0.322223405951	0.322223405951	0.322223405951	0.322223405951	0.322223405951	0.322223405951	0.322223405951	0.322223405951
GO:0009889	regulation of biosynthetic process	P	1289	73	63	0.322223405951	0.322223405951	3.02439112394e-27	0.322223405951	6.770735808e-42	2.77648832317e-11	9.84765137161e-38	4.11425571877e-13	0.159386051975	6.73733115034e-35	3.89514369052e-90	1.91223077371e-07	0.00348395324264	0.00100132738394	0.322223405951	0.322223405951
GO:0009888	tissue development	P	907	14	10	0.322223405951	0.322223405951	0.0478042013655	0.322223405951	8.5414136808e-20	2.27270570337e-10	7.74244634788e-15	2.82640874111e-06	0.322223405951	8.64747960693e-18	3.37046686264e-55	7.449071826e-06	0.0831989669294	0.00683340014957	0.322223405951	0.322223405951
GO:0009628	response to abiotic stimulus	P	2169	31	40	0.322223405951	0.322223405951	7.9296466463e-06	0.322223405951	1.71800829768e-34	0.322223405951	1.00036423447e-10	0.00363470385034	0.322223405951	0.0	0.322223405951	0.322223405951	0.322223405951	0.322223405951	0.322223405951	0.322223405951
GO:0050776	regulation of immune response	P	466	4	8	0.322223405951	0.322223405951	0.322223405951	0.322223405951	0.322223405951	0.322223405951	0.322223405951	0.322223405951	0.322223405951	0.322223405951	0.322223405951	0.322223405951	0.322223405951	0.322223405951	0.322223405951	0.322223405951
GO:0010200	response to chitin	P	393	5	6	0.322223405951	0.322223405951	0.322223405951	0.322223405951	1.54466890813e-10	0.322223405951	1.46342071252e-06	0.322223405951	0.322223405951	1.46601424401e-22	0.322223405951	0.322223405951	0.322223405951	0.322223405951	0.322223405951	0.322223405951
GO:0009620	response to fungus	P	530	4	7	0.322223405951	0.322223405951	0.322223405951	0.322223405951	0.322223405951	0.322223405951	0.322223405951	0.322223405951	0.322223405951	0.322223405951	0.322223405951	0.322223405951	0.322223405951	0.322223405951	0.322223405951	0.322223405951
GO:0009605	response to external stimulus	P	745	8	13	0.322223405951	0.322223405951	0.322223405951	0.322223405951	6.26126393533e-32	0.322223405951	0.322223405951	0.322223405951	0.322223405951	0.322223405951	0.322223405951	0.322223405951	0.322223405951	0.322223405951	0.322223405951	0.322223405951
GO:0051179	localization	P	2569	17	24	0.322223405951	0.322223405951	0.322223405951	0.322223405951	0.322223405951	0.322223405951	0.322223405951	0.322223405951	0.322223405951	0.322223405951	0.322223405951	0.322223405951	0.322223405951	0.322223405951	0.322223405951	0.322223405951
GO:0048583	regulation of response to stimulus	P	736	6	11	0.322223405951	0.322223405951	0.322223405951	0.322223405951	0.322223405951	0.322223405951	0.322223405951	0.322223405951	0.322223405951	0.322223405951	0.322223405951	0.322223405951	0.322223405951	0.322223405951	0.322223405951	0.322223405951
GO:0042538	hyperosmotic salinity response	P	173	5	6	0.322223405951	0.322223405951	0.00191735286375	0.322223405951	3.87024024081e-14	0.322223405951	6.4021217858e-07	0.0237784661239	0.322223405951	1.35589531974e-31	0.322223405951	0.322223405951	0.322223405951	0.322223405951	0.322223405951	0.322223405951
GO:0045184	establishment of protein localization	P	1044	4	7	0.322223405951	0.322223405951	0.322223405951	0.322223405951	0.322223405951	0.322223405951	0.322223405951	0.322223405951	0.322223405951	0.322223405951	0.322223405951	0.322223405951	0.322223405951	0.322223405951	0.322223405951	0.322223405951
GO:0060255	regulation of macromolecule metabolic process	P	1325	71	61	0.322223405951	0.322223405951	4.03740726716e-28	0.322223405951	5.68710353322e-41	1.38197216351e-10	4.88966585107e-35	9.524263923e-13	0.0127683316054	1.04413993684e-28	2.42396370413e-86	1.88698491124e-07	0.000263427746826	0.00543628223952	0.322223405951	0.322223405951
GO:0023052	signaling	P	1280	20	26	0.322223405951	0.322223405951	6.26070600259e-05	0.322223405951	1.16252742797e-23	0.322223405951	0.032072954465	0.00683340014957	0.322223405951	6.51038139831e-36	0.322223405951	0.322223405951	0.322223405951	0.322223405951	0.322223405951	0.322223405951
GO:0048569	post-embryonic organ development	P	528	19	11	0.322223405951	0.322223405951	1.46121852977e-11	0.322223405951	1.57658031603e-26	4.36028099308e-15	8.1931024281e-16	0.00010216012507	0.0443151771535	0.013667973948	6.02475126107e-54	3.61547349737e-10	2.94032643047e-06	0.0831989669294	0.0099491525424	0.322223405951
GO:0044255	cellular lipid metabolic process	P	1084	4	5	0.322223405951	0.322223405951	0.322223405951	0.322223405951	0.322223405951	0.322223405951	0.322223405951	0.322223405951	0.322223405951	0.322223405951	0.322223405951	0.322223405951	0.322223405951	0.322223405951	0.322223405951	0.322223405951
GO:2000112	regulation of cellular macromolecule biosynthetic process	P	1124	58	46	0.322223405951	0.322223405951	2.69548378396e-24	0.322223405951	1.30405427265e-40	1.48369364747e-16	1.19266643559e-34	8.29873136687e-10	0.0579656115364	7.7475270116e-26	5.54527532112e-81	1.01370180443e-09	1.87794201685e-06	0.00363470385034	0.322223405951	0.322223405951
GO:0050794	regulation of cellular process	P	2663	132	118	0.322223405951	0.322223405951	1.25559528601e-24	0.322223405951	1.17108154666e-48	1.21092216088e-06	2.01779056695e-43	2.15392910527e-16	0.18235161124	2.9080279585e-48	2.85478653197e-107	0.00543628223952	0.0831989669294	0.0237784661239	0.322223405951	0.322223405951
GO:0035556	intracellular signal transduction	P	452	6	8	0.322223405951	0.322223405951	0.322223405951	0.322223405951	5.96862429222e-17	0.322223405951	4.58988998979e-13	0.322223405951	0.322223405951	3.77193177738e-26	0.322223405951	0.322223405951	0.322223405951	0.322223405951	0.322223405951	0.322223405951
GO:0044700	single organism signaling	P	1279	20	26	0.322223405951	0.322223405951	6.4021217858e-07	0.322223405951	1.55918807862e-24	0.322223405951	0.709499400636	0.0443151771535	0.322223405951	2.71690605285e-43	0.322223405951	0.322223405951	0.322223405951	0.322223405951	0.322223405951	0.322223405951
GO:0044707	single-multicellular organism process	P	2596	57	41	0.322223405951	0.322223405951	0.871563307492	0.322223405951	1.24745298965e-34	9.88247067192e-12	3.39002099794e-31	2.44454582702e-18	0.0237784661239	1.15555474529e-35	8.90088733869e-74	3.26468195294e-06	0.000337139941643	0.00010216012507	0.18235161124	0.322223405951
GO:0006355	regulation of transcription, DNA-dependent	P	1049	53	43	0.322223405951	0.322223405951	8.39902301155e-24	0.322223405951	5.82540521982e-35	6.63275188335e-12	8.54015740625e-28	2.19578097265e-11	0.00683340014957	3.39239036607e-15	4.08468470619e-74	4.36714420443e-11	0.00104064971613	0.0831989669294	0.322223405951	0.322223405951
GO:0043167	ion binding	M	2562	16	23	0.322223405951	0.322223405951	0.00363470385034	0.322223405951	0.322223405951	0.322223405951	0.00466741376267	0.322223405951	0.322223405951	0.322223405951	0.322223405951	0.322223405951	0.322223405951	0.322223405951	0.322223405951	0.322223405951
GO:0048523	negative regulation of cellular process	P	697	4	8	0.322223405951	0.322223405951	0.322223405951	0.322223405951	0.322223405951	0.322223405951	0.322223405951	0.322223405951	0.322223405951	0.322223405951	0.322223405951	0.322223405951	0.322223405951	0.322223405951	0.322223405951	0.322223405951
GO:0009738	abscisic acid mediated signaling pathway	P	216	4	5	0.322223405951	0.322223405951	0.322223405951	0.322223405951	4.34560452735e-09	0.322223405951	6.54588810556e-05	0.322223405951	0.322223405951	7.08019796347e-20	0.322223405951	0.322223405951	0.322223405951	0.322223405951	0.322223405951	0.322223405951
GO:2001141	regulation of RNA biosynthetic process	P	1049	53	43	0.322223405951	0.322223405951	1.65845898532e-22	0.322223405951	5.07847655667e-34	1.97775277654e-17	3.00589426014e-26	3.5134618838e-08	0.322223405951	1.66652791734e-19	2.42975918504e-69	5.7531388653e-08	0.000104849254635	0.0237784661239	0.159386051975	0.322223405951
GO:0032870	cellular response to hormone stimulus	P	683	13	17	0.322223405951	0.322223405951	0.322223405951	0.322223405951	6.32332594026e-24	0.322223405951	9.46698662079e-19	0.322223405951	0.322223405951	2.71690605285e-43	0.322223405951	0.322223405951	0.322223405951	0.322223405951	0.322223405951	0.322223405951
GO:0080134	regulation of response to stress	P	601	4	8	0.322223405951	0.322223405951	0.322223405951	0.322223405951	0.322223405951	0.322223405951	0.322223405951	0.322223405951	0.322223405951	0.322223405951	0.322223405951	0.322223405951	0.322223405951	0.322223405951	0.322223405951	0.322223405951
GO:0048437	floral organ development	P	416	19	11	0.322223405951	0.322223405951	1.73782007365e-12	0.322223405951	1.96341003413e-24	1.01230800434e-20	3.57117032374e-14	0.0011542851914	0.0831989669294	0.00407797575226	5.41430478981e-51	6.17428973095e-10	2.43863774052e-05	0.0237784661239	0.0579656115364	0.322223405951
GO:0036211	protein modification process	P	1580	5	7	0.322223405951	0.322223405951	0.322223405951	0.322223405951	0.322223405951	0.322223405951	0.322223405951	0.322223405951	0.322223405951	0.322223405951	0.322223405951	0.322223405951	0.322223405951	0.322223405951	0.322223405951	0.322223405951
GO:0015031	protein transport	P	1044	4	7	0.322223405951	0.322223405951	0.322223405951	0.322223405951	0.322223405951	0.322223405951	0.322223405951	0.322223405951	0.322223405951	0.322223405951	0.322223405951	0.322223405951	0.322223405951	0.322223405951	0.322223405951	0.322223405951
GO:0051716	cellular response to stimulus	P	2010	39	48	0.322223405951	0.322223405951	3.48065385131e-05	0.322223405951	6.73522832165e-34	0.322223405951	1.60029552047e-23	0.00191735286375	0.322223405951	1.18467928054e-48	0.322223405951	0.322223405951	0.322223405951	0.322223405951	0.322223405951	0.322223405951
GO:0007275	multicellular organismal development	P	2514	52	39	0.322223405951	0.322223405951	1.3080455703e-06	0.322223405951	2.46564591763e-37	4.06790152123e-12	6.65901442044e-33	1.09652367279e-17	0.0579656115364	8.94235436098e-36	7.97545921313e-80	1.74528152431e-08	0.000922508122632	0.000538254200937	0.322223405951	0.322223405951
GO:0044767	single-organism developmental process	P	1920	38	31	0.322223405951	0.322223405951	0.000194928172124	0.322223405951	2.87008905537e-32	2.13215660741e-10	1.25289371398e-28	1.6900438851e-15	0.0237784661239	3.47149494664e-19	2.4499736984e-68	9.18935270461e-06	0.00363470385034	0.0110575854028	0.0831989669294	0.322223405951
GO:1901700	response to oxygen-containing compound	P	1854	66	63	0.322223405951	0.322223405951	2.64143430859e-24	0.322223405951	1.16633184711e-33	0.322223405951	0.00505325099002	6.79629284906e-08	0.322223405951	0.0	0.322223405951	0.322223405951	0.322223405951	0.322223405951	0.322223405951	0.322223405951
GO:1901701	cellular response to oxygen-containing compound	P	886	14	18	0.322223405951	0.322223405951	0.322223405951	0.322223405951	3.12659735087e-25	0.322223405951	9.51577117991e-25	0.322223405951	0.322223405951	0.0	0.322223405951	0.322223405951	0.322223405951	0.322223405951	0.322223405951	0.322223405951
GO:0009607	response to biotic stimulus	P	1258	9	13	0.322223405951	0.322223405951	0.0443151771535	0.322223405951	6.41808595154e-20	0.322223405951	7.48356385556e-11	0.322223405951	0.322223405951	2.71690605285e-43	0.322223405951	0.322223405951	0.322223405951	0.322223405951	0.322223405951	0.322223405951
GO:0009314	response to radiation	P	977	4	8	0.322223405951	0.322223405951	0.322223405951	0.322223405951	0.322223405951	0.322223405951	0.322223405951	0.322223405951	0.322223405951	0.322223405951	0.322223405951	0.322223405951	0.322223405951	0.322223405951	0.322223405951	0.322223405951
GO:0009058	biosynthetic process	P	3511	50	50	0.322223405951	0.322223405951	2.69388714439e-13	0.322223405951	1.05392408349e-37	0.322223405951	2.4178299431e-07	5.58540189976e-05	0.322223405951	0.0	0.322223405951	0.322223405951	0.322223405951	0.322223405951	0.322223405951	0.322223405951
GO:0051171	regulation of nitrogen compound metabolic process	P	1174	58	49	0.322223405951	0.322223405951	6.99277156647e-26	0.322223405951	4.0311327554e-39	4.94063827728e-14	1.98411409056e-32	6.08962383593e-10	0.0443151771535	7.39306488668e-20	3.3460125314e-85	7.78554815661e-08	0.000814517758311	0.0333788062508	0.322223405951	0.322223405951
GO:0016043	cellular component organization	P	2606	18	25	0.322223405951	0.322223405951	3.26468195294e-06	0.322223405951	0.322223405951	0.322223405951	9.02973368506e-06	0.322223405951	0.322223405951	0.322223405951	0.322223405951	0.322223405951	0.322223405951	0.322223405951	0.322223405951	0.322223405951
GO:0008610	lipid biosynthetic process	P	928	4	5	0.322223405951	0.322223405951	0.322223405951	0.322223405951	0.322223405951	0.322223405951	0.322223405951	0.322223405951	0.322223405951	0.322223405951	0.322223405951	0.322223405951	0.322223405951	0.322223405951	0.322223405951	0.322223405951
GO:0000003	reproduction	P	1658	39	22	0.322223405951	0.322223405951	1.28339641514e-13	0.322223405951	5.07734163056e-32	3.67858306274e-20	1.23514098026e-26	8.80852871586e-19	0.00100132738394	1.10456719372e-33	3.02064094505e-71	1.03986366758e-09	8.25491875094e-08	2.02346290757e-09	0.00293981572717	0.322223405951
GO:0010556	regulation of macromolecule biosynthetic process	P	1124	58	46	0.322223405951	0.322223405951	5.9900869958e-19	0.322223405951	2.45948638429e-35	3.42357875136e-12	8.07502631388e-30	4.95588199471e-10	0.0443151771535	1.27581488153e-24	3.51944032892e-79	2.93201787896e-09	0.00114125514218	0.00348395324264	0.159386051975	0.322223405951
GO:0033993	response to lipid	P	657	20	23	0.322223405951	0.322223405951	5.56416625051e-07	0.322223405951	4.45641541668e-31	0.322223405951	0.116011136688	0.0443151771535	0.322223405951	0.0	0.322223405951	0.322223405951	0.322223405951	0.322223405951	0.322223405951	0.322223405951
GO:0043067	regulation of programmed cell death	P	450	4	8	0.322223405951	0.322223405951	0.322223405951	0.322223405951	0.322223405951	0.322223405951	0.322223405951	0.322223405951	0.322223405951	0.322223405951	0.322223405951	0.322223405951	0.322223405951	0.322223405951	0.322223405951	0.322223405951
GO:0010035	response to inorganic substance	P	1054	16	19	0.322223405951	0.322223405951	0.00191735286375	0.322223405951	9.18276609958e-21	0.322223405951	8.03841420365e-19	0.00683340014957	0.322223405951	1.74100875628e-29	0.322223405951	0.0831989669294	0.322223405951	0.322223405951	0.322223405951	0.322223405951
GO:0005975	carbohydrate metabolic process	P	1642	8	7	0.322223405951	0.322223405951	5.79112931538e-16	0.322223405951	0.322223405951	0.322223405951	4.45274652376e-18	0.322223405951	0.322223405951	0.322223405951	0.322223405951	0.322223405951	0.322223405951	0.322223405951	0.322223405951	0.322223405951
GO:0009719	response to endogenous stimulus	P	1298	44	43	0.322223405951	0.322223405951	1.80862528561e-17	0.322223405951	2.6508362303e-29	0.322223405951	0.266671107916	3.75726465969e-07	0.322223405951	5.55033661241e-46	0.322223405951	0.322223405951	0.322223405951	0.322223405951	0.322223405951	0.322223405951
GO:0040007	growth	P	701	5	5	0.322223405951	0.322223405951	0.0443151771535	0.322223405951	2.86176891642e-12	0.00363470385034	0.0443151771535	0.322223405951	0.322223405951	0.00363470385034	1.35589531974e-31	0.0127683316054	0.322223405951	0.322223405951	0.322223405951	0.322223405951
GO:0044267	cellular protein metabolic process	P	2379	6	9	0.322223405951	0.322223405951	0.322223405951	0.322223405951	0.322223405951	0.322223405951	0.322223405951	0.322223405951	0.322223405951	0.322223405951	0.322223405951	0.322223405951	0.322223405951	0.322223405951	0.322223405951	0.322223405951
GO:0044260	cellular macromolecule metabolic process	P	3623	28	31	0.322223405951	0.322223405951	1.39319600608e-13	0.322223405951	0.322223405951	0.322223405951	9.01326191951e-13	0.322223405951	0.322223405951	0.322223405951	0.322223405951	0.322223405951	0.322223405951	0.322223405951	0.322223405951	0.322223405951
GO:0002679	respiratory burst involved in defense response	P	123	4	5	0.322223405951	0.322223405951	0.322223405951	0.322223405951	2.32919736647e-11	0.322223405951	1.13044874977e-07	0.322223405951	0.322223405951	1.46601424401e-22	0.322223405951	0.322223405951	0.322223405951	0.322223405951	0.322223405951	0.322223405951
GO:0005488	binding	M	4710	229	186	0.322223405951	0.322223405951	0.000915736024461	0.322223405951	1.77170838941e-55	0.004309131729	1.20526625887e-30	3.55280866779e-22	0.322223405951	8.79421095548e-62	4.41181675579e-110	0.0443151771535	0.322223405951	0.322223405951	0.322223405951	0.322223405951
GO:0009737	response to abscisic acid stimulus	P	527	15	17	0.322223405951	0.322223405951	2.39004507959e-08	0.322223405951	7.38374379803e-22	0.322223405951	0.00503562327407	0.00293981572717	0.322223405951	0.0	0.322223405951	0.322223405951	0.322223405951	0.322223405951	0.322223405951	0.322223405951
GO:0019219	regulation of nucleobase-containing compound metabolic process	P	1146	56	46	0.322223405951	0.322223405951	7.03152175123e-29	0.322223405951	4.92256329478e-40	1.91771450657e-11	1.14412456801e-31	1.65735344391e-08	0.0443151771535	2.96568894052e-18	4.817153859e-67	3.96854036451e-09	0.00363470385034	0.0110575854028	0.322223405951	0.322223405951
GO:0007165	signal transduction	P	1221	20	26	0.322223405951	0.322223405951	5.70863093826e-08	0.322223405951	6.14687192598e-23	0.322223405951	0.952638684944	0.0443151771535	0.322223405951	0.0	0.322223405951	0.322223405951	0.322223405951	0.322223405951	0.322223405951	0.322223405951
GO:0034613	cellular protein localization	P	1005	4	7	0.322223405951	0.322223405951	0.322223405951	0.322223405951	0.322223405951	0.322223405951	0.322223405951	0.322223405951	0.322223405951	0.322223405951	0.322223405951	0.322223405951	0.322223405951	0.322223405951	0.322223405951	0.322223405951
GO:0046394	carboxylic acid biosynthetic process	P	1065	7	10	0.322223405951	0.322223405951	1.52037937576e-05	0.322223405951	0.322223405951	0.322223405951	1.52037937576e-05	0.322223405951	0.322223405951	0.322223405951	0.322223405951	0.322223405951	0.322223405951	0.322223405951	0.322223405951	0.322223405951
GO:0071215	cellular response to abscisic acid stimulus	P	240	10	12	0.322223405951	0.322223405951	0.322223405951	0.322223405951	9.77948205312e-28	0.322223405951	7.08019796347e-20	0.322223405951	0.322223405951	0.0	0.322223405951	0.322223405951	0.322223405951	0.322223405951	0.322223405951	0.322223405951
GO:0009753	response to jasmonic acid stimulus	P	442	5	6	0.322223405951	0.322223405951	0.322223405951	0.322223405951	3.73491444385e-08	0.322223405951	0.00100132738394	0.322223405951	0.322223405951	3.32025688665e-24	0.322223405951	0.322223405951	0.322223405951	0.322223405951	0.322223405951	0.322223405951
GO:0009755	hormone-mediated signaling pathway	P	647	7	10	0.322223405951	0.322223405951	0.322223405951	0.322223405951	1.27703409537e-14	0.322223405951	2.74575934934e-10	0.322223405951	0.322223405951	1.35589531974e-31	0.322223405951	0.322223405951	0.322223405951	0.322223405951	0.322223405951	0.322223405951
GO:1901576	organic substance biosynthetic process	P	3350	43	39	0.322223405951	0.322223405951	1.39708166937e-17	0.322223405951	6.42800159699e-36	0.322223405951	2.52917083355e-11	1.18332211269e-05	0.322223405951	0.0	0.322223405951	0.322223405951	0.322223405951	0.322223405951	0.322223405951	0.322223405951
GO:0045730	respiratory burst	P	123	4	5	0.322223405951	0.322223405951	0.322223405951	0.322223405951	1.7193022633e-08	0.322223405951	7.11990363961e-06	0.322223405951	0.322223405951	9.89837427787e-18	0.322223405951	0.322223405951	0.322223405951	0.322223405951	0.322223405951	0.322223405951
GO:0019538	protein metabolic process	P	2586	7	10	0.322223405951	0.322223405951	0.322223405951	0.322223405951	0.322223405951	0.322223405951	0.322223405951	0.322223405951	0.322223405951	0.322223405951	0.322223405951	0.322223405951	0.322223405951	0.322223405951	0.322223405951	0.322223405951
GO:0031347	regulation of defense response	P	572	4	8	0.322223405951	0.322223405951	0.322223405951	0.322223405951	0.322223405951	0.322223405951	0.322223405951	0.322223405951	0.322223405951	0.322223405951	0.322223405951	0.322223405951	0.322223405951	0.322223405951	0.322223405951	0.322223405951
GO:0044763	single-organism cellular process	P	4805	97	105	0.322223405951	0.322223405951	1.44833657062e-16	0.322223405951	1.0084924419e-42	0.0152536899582	5.7741053395e-38	1.2443985173e-08	0.322223405951	4.39488395086e-52	0.0	0.0831989669294	0.322223405951	0.322223405951	0.322223405951	0.322223405951
GO:0071396	cellular response to lipid	P	330	10	12	0.322223405951	0.322223405951	0.322223405951	0.322223405951	1.54548958213e-24	0.322223405951	9.46698662079e-19	0.322223405951	0.322223405951	0.0	0.322223405951	0.322223405951	0.322223405951	0.322223405951	0.322223405951	0.322223405951
GO:0006810	transport	P	2383	12	17	0.322223405951	0.322223405951	0.322223405951	0.322223405951	0.322223405951	0.322223405951	0.322223405951	0.322223405951	0.322223405951	0.322223405951	0.322223405951	0.322223405951	0.322223405951	0.322223405951	0.322223405951	0.322223405951
GO:0006950	response to stress	P	2792	73	72	0.322223405951	0.322223405951	1.33863283688e-16	0.322223405951	1.07468783556e-37	0.322223405951	0.0732821397234	3.09454773762e-09	0.322223405951	6.07463181715e-53	0.322223405951	0.322223405951	0.322223405951	0.322223405951	0.322223405951	0.322223405951
GO:0071702	organic substance transport	P	1466	4	7	0.322223405951	0.322223405951	0.322223405951	0.322223405951	0.322223405951	0.322223405951	0.322223405951	0.322223405951	0.322223405951	0.322223405951	0.322223405951	0.322223405951	0.322223405951	0.322223405951	0.322223405951	0.322223405951
GO:0080135	regulation of cellular response to stress	P	441	4	8	0.322223405951	0.322223405951	0.322223405951	0.322223405951	0.322223405951	0.322223405951	0.322223405951	0.322223405951	0.322223405951	0.322223405951	0.322223405951	0.322223405951	0.322223405951	0.322223405951	0.322223405951	0.322223405951
GO:0009791	post-embryonic development	P	1535	40	21	0.322223405951	0.322223405951	6.1320923053e-17	0.322223405951	7.43190705966e-31	3.23765177698e-16	1.53965419657e-26	1.35228088684e-16	0.00055667604589	1.72524649433e-32	2.38469930003e-67	2.60773612828e-13	4.15223823446e-07	6.3927025697e-09	0.00348395324264	0.322223405951
GO:0033036	macromolecule localization	P	1259	4	7	0.322223405951	0.322223405951	0.322223405951	0.322223405951	0.322223405951	0.322223405951	0.322223405951	0.322223405951	0.322223405951	0.322223405951	0.322223405951	0.322223405951	0.322223405951	0.322223405951	0.322223405951	0.322223405951
GO:0050896	response to stimulus	P	4098	127	114	0.322223405951	0.322223405951	1.77077446466e-21	0.322223405951	4.39297457241e-50	0.322223405951	0.427220827245	3.45626240274e-11	0.322223405951	3.15553354008e-97	0.322223405951	0.322223405951	0.322223405951	0.322223405951	0.322223405951	0.322223405951
GO:0005515	protein binding	M	1728	22	22	0.322223405951	0.322223405951	4.9703801215e-11	0.322223405951	8.28621640837e-26	2.39079480372e-05	4.97908482999e-22	0.000222086938225	0.322223405951	9.47433753397e-26	1.80074003744e-92	0.00543628223952	0.322223405951	0.322223405951	0.322223405951	0.322223405951
GO:0006996	organelle organization	P	1728	5	9	0.322223405951	0.322223405951	0.322223405951	0.322223405951	0.322223405951	0.322223405951	0.322223405951	0.322223405951	0.322223405951	0.322223405951	0.322223405951	0.322223405951	0.322223405951	0.322223405951	0.322223405951	0.322223405951
GO:0003006	developmental process involved in reproduction	P	1498	39	22	0.322223405951	0.322223405951	1.38978059904e-18	0.322223405951	3.71758148558e-32	1.22174048071e-16	7.50989563769e-25	1.84277830396e-17	0.000516928494134	3.11416779185e-38	1.14349996519e-70	2.2944405914e-09	1.67810025746e-05	2.24211266432e-09	0.00191735286375	0.322223405951
GO:1901698	response to nitrogen compound	P	577	6	8	0.322223405951	0.322223405951	0.322223405951	0.322223405951	7.99751633708e-10	0.322223405951	3.26468195294e-06	0.322223405951	0.322223405951	7.08019796347e-20	0.322223405951	0.322223405951	0.322223405951	0.322223405951	0.322223405951	0.322223405951
GO:0006082	organic acid metabolic process	P	1646	11	16	0.322223405951	0.322223405951	7.11990363961e-06	0.322223405951	0.322223405951	0.322223405951	7.11990363961e-06	0.322223405951	0.322223405951	0.322223405951	0.322223405951	0.322223405951	0.322223405951	0.322223405951	0.322223405951	0.322223405951
GO:0031326	regulation of cellular biosynthetic process	P	1285	73	63	0.322223405951	0.322223405951	3.96896602246e-25	0.322223405951	2.20573977372e-38	1.73028711284e-09	8.45236818405e-37	1.89921019754e-14	0.159386051975	4.26624321696e-33	3.51067778533e-91	7.56861052517e-07	0.00543628223952	0.159386051975	0.322223405951	0.322223405951
GO:0031323	regulation of cellular metabolic process	P	1578	87	77	0.322223405951	0.322223405951	1.13528797983e-25	0.322223405951	1.23048803728e-40	4.57048501876e-08	6.46997860639e-37	5.3283164534e-14	0.159386051975	5.48868200477e-37	3.37939720166e-95	1.49146423737e-05	0.159386051975	0.0127683316054	0.159386051975	0.322223405951
GO:0010941	regulation of cell death	P	457	4	8	0.322223405951	0.322223405951	0.322223405951	0.322223405951	0.322223405951	0.322223405951	0.322223405951	0.322223405951	0.322223405951	0.322223405951	0.322223405951	0.322223405951	0.322223405951	0.322223405951	0.322223405951	0.322223405951
GO:0048438	floral whorl development	P	365	19	11	0.322223405951	0.322223405951	1.32646569474e-09	0.322223405951	2.51708226805e-21	3.33293657827e-18	1.17513830745e-12	0.0109257193342	0.322223405951	0.0248632786238	6.46383727895e-51	3.59071318268e-08	1.05086285859e-05	0.0831989669294	0.00191735286375	0.322223405951
GO:0002252	immune effector process	P	271	5	7	0.322223405951	0.322223405951	0.322223405951	0.322223405951	6.05183941288e-17	0.322223405951	8.29873136687e-10	0.322223405951	0.322223405951	2.71690605285e-43	0.322223405951	0.322223405951	0.322223405951	0.322223405951	0.322223405951	0.322223405951
GO:0008104	protein localization	P	1061	4	7	0.322223405951	0.322223405951	0.322223405951	0.322223405951	0.322223405951	0.322223405951	0.322223405951	0.322223405951	0.322223405951	0.322223405951	0.322223405951	0.322223405951	0.322223405951	0.322223405951	0.322223405951	0.322223405951
GO:0009651	response to salt stress	P	807	8	10	0.322223405951	0.322223405951	0.00013234126807	0.322223405951	9.34422528361e-18	0.322223405951	3.78511060117e-15	0.00363470385034	0.322223405951	1.35589531974e-31	0.322223405951	0.322223405951	0.322223405951	0.322223405951	0.322223405951	0.322223405951
GO:0006952	defense response	P	1116	9	13	0.322223405951	0.322223405951	0.0831989669294	0.322223405951	4.93460684335e-24	0.322223405951	2.079548827e-14	0.159386051975	0.322223405951	2.71690605285e-43	0.322223405951	0.322223405951	0.322223405951	0.322223405951	0.322223405951	0.322223405951
GO:0051252	regulation of RNA metabolic process	P	1060	53	43	0.322223405951	0.322223405951	1.47315075778e-25	0.322223405951	4.24454687982e-36	9.49263489097e-14	7.302851522e-30	7.32918728876e-11	0.0831989669294	4.46327381283e-16	3.63731125849e-78	1.39981266986e-10	0.000263427746826	0.0127683316054	0.159386051975	0.322223405951
GO:0071310	cellular response to organic substance	P	1040	14	18	0.322223405951	0.322223405951	0.322223405951	0.322223405951	3.46990504768e-20	0.322223405951	6.08013631145e-16	0.322223405951	0.322223405951	1.35589531974e-31	0.322223405951	0.322223405951	0.322223405951	0.322223405951	0.322223405951	0.322223405951
GO:0051649	establishment of localization in cell	P	1370	5	8	0.322223405951	0.322223405951	0.322223405951	0.322223405951	0.322223405951	0.322223405951	0.322223405951	0.322223405951	0.322223405951	0.322223405951	0.322223405951	0.322223405951	0.322223405951	0.322223405951	0.322223405951	0.322223405951
GO:0051641	cellular localization	P	1414	5	8	0.322223405951	0.322223405951	0.322223405951	0.322223405951	0.322223405951	0.322223405951	0.322223405951	0.322223405951	0.322223405951	0.322223405951	0.322223405951	0.322223405951	0.322223405951	0.322223405951	0.322223405951	0.322223405951
GO:0030154	cell differentiation	P	933	13	10	0.322223405951	0.322223405951	2.60327435546e-09	0.322223405951	1.52415145659e-24	1.08658007113e-10	8.72101222337e-17	0.00363470385034	0.322223405951	1.03394735086e-11	6.9581662728e-56	4.77706886795e-05	0.322223405951	0.322223405951	0.322223405951	0.322223405951
GO:0044249	cellular biosynthetic process	P	3250	40	36	0.322223405951	0.322223405951	2.13155721791e-16	0.322223405951	8.71352408586e-33	0.322223405951	6.01773499863e-09	0.000112302299792	0.322223405951	0.0	0.322223405951	0.322223405951	0.322223405951	0.322223405951	0.322223405951	0.322223405951
GO:0009653	anatomical structure morphogenesis	P	1334	17	14	0.322223405951	0.322223405951	7.31228440315e-07	0.322223405951	3.98136614582e-24	4.20526684727e-09	1.34106211664e-19	8.20762583326e-07	0.322223405951	8.23184078938e-16	8.11992245797e-64	1.52037937576e-05	0.0831989669294	0.322223405951	0.322223405951	0.322223405951
