GO:0050832	defense response to fungus	P	417	5	8	0.322223405951	0.322223405951	0.322223405951	0.322223405951	0.322223405951	0.322223405951	0.322223405951	0.322223405951	0.322223405951	0.322223405951	0.322223405951	0.322223405951	0.322223405951	0.322223405951	0.322223405951	0.322223405951
GO:0050789	regulation of biological process	P	3171	465	360	0.322223405951	0.322223405951	3.04655648087e-38	0.322223405951	8.64879071287e-65	2.03856549956e-06	9.90749426402e-57	1.81133915388e-27	0.0958982917224	1.47045755681e-69	1.53603692227e-126	4.93826796808e-06	0.0099491525424	2.81674432911e-63	0.322223405951	0.322223405951
GO:0006629	lipid metabolic process	P	1315	14	17	0.322223405951	0.322223405951	0.322223405951	0.322223405951	0.322223405951	0.322223405951	0.322223405951	0.322223405951	0.322223405951	0.322223405951	0.322223405951	0.322223405951	0.322223405951	0.322223405951	0.322223405951	0.322223405951
GO:0006970	response to osmotic stress	P	840	24	24	0.322223405951	0.322223405951	2.45325724338e-06	0.322223405951	4.49397779388e-24	0.0831989669294	2.87901522793e-18	5.97586916283e-07	0.322223405951	3.54516126704e-40	0.0	0.322223405951	0.322223405951	0.159386051975	0.322223405951	0.322223405951
GO:0006972	hyperosmotic response	P	289	9	10	0.322223405951	0.322223405951	1.7193022633e-08	0.322223405951	2.03297047349e-15	0.322223405951	1.35947036563e-11	2.72910795787e-05	0.322223405951	8.23043855676e-35	0.322223405951	0.322223405951	0.322223405951	0.159386051975	0.322223405951	0.322223405951
GO:0006979	response to oxidative stress	P	514	4	7	0.322223405951	0.322223405951	0.322223405951	0.322223405951	0.322223405951	0.322223405951	0.322223405951	0.322223405951	0.322223405951	0.322223405951	0.322223405951	0.322223405951	0.322223405951	0.322223405951	0.322223405951	0.322223405951
GO:0044710	single-organism metabolic process	P	3180	92	96	0.322223405951	0.322223405951	9.72919721326e-09	0.322223405951	6.26015587889e-42	0.322223405951	5.42422184712e-07	3.73491444385e-08	0.322223405951	0.0	0.0	0.322223405951	0.322223405951	0.322223405951	0.322223405951	0.322223405951
GO:0044711	single-organism biosynthetic process	P	1460	26	32	0.322223405951	0.322223405951	3.26468195294e-06	0.322223405951	4.46733425842e-25	0.322223405951	1.79527568011e-09	0.00683340014957	0.322223405951	6.51038139831e-36	0.322223405951	0.322223405951	0.322223405951	0.322223405951	0.322223405951	0.322223405951
GO:0042545	cell wall modification	P	334	8	10	0.322223405951	0.322223405951	6.54588810556e-05	0.322223405951	4.09348484754e-27	0.322223405951	0.000158855812694	0.0831989669294	0.322223405951	0.322223405951	0.322223405951	0.322223405951	0.322223405951	0.322223405951	0.322223405951	0.322223405951
GO:0009814	defense response, incompatible interaction	P	613	14	18	0.322223405951	0.322223405951	0.322223405951	0.322223405951	3.20144012172e-20	0.322223405951	3.78511060117e-15	0.322223405951	0.322223405951	0.0	0.322223405951	0.322223405951	0.322223405951	0.322223405951	0.322223405951	0.322223405951
GO:0070887	cellular response to chemical stimulus	P	1170	50	54	0.322223405951	0.322223405951	0.700260956818	0.322223405951	4.42306518957e-30	0.00191735286375	6.92762710541e-25	8.20762583326e-07	0.322223405951	1.19999645161e-37	4.22944184335e-58	0.0443151771535	0.322223405951	0.103000037411	0.322223405951	0.322223405951
GO:0048731	system development	P	1958	108	82	0.322223405951	0.322223405951	1.5375395812e-19	0.322223405951	1.62584868373e-42	3.30860094535e-12	5.02163292681e-42	2.4515383696e-18	0.00348395324264	1.56518669721e-42	1.19986508579e-96	3.5507571238e-06	0.000293282185123	0.00102419945905	0.159386051975	0.322223405951
GO:1901362	organic cyclic compound biosynthetic process	P	1374	13	14	0.322223405951	0.322223405951	0.518171388177	0.322223405951	8.3198822236e-24	0.0443151771535	0.00214231960051	0.00293981572717	0.322223405951	0.0443151771535	0.0	0.322223405951	0.322223405951	0.322223405951	0.322223405951	0.322223405951
GO:1901363	heterocyclic compound binding	M	2905	387	275	0.322223405951	0.322223405951	3.4598472417e-21	0.322223405951	4.13224720319e-62	9.10138543342e-05	1.40109085001e-46	8.51933382567e-29	0.159386051975	2.83319009529e-66	3.89259762805e-126	0.000178845597979	0.0443151771535	0.0110575854028	0.322223405951	0.322223405951
GO:1901360	organic cyclic compound metabolic process	P	2847	34	38	0.322223405951	0.322223405951	8.70476289375e-14	0.322223405951	2.73224359394e-40	0.322223405951	3.10888374705e-05	0.0831989669294	0.322223405951	6.51038139831e-36	0.0	0.322223405951	0.322223405951	0.322223405951	0.322223405951	0.322223405951
GO:0043436	oxoacid metabolic process	P	1645	33	37	0.322223405951	0.322223405951	8.59720220069e-13	0.322223405951	2.95953472214e-22	0.322223405951	0.0837352818652	0.000354984877774	0.322223405951	2.71690605285e-43	0.322223405951	0.322223405951	0.322223405951	0.322223405951	0.322223405951	0.322223405951
GO:0003676	nucleic acid binding	M	1234	178	124	0.322223405951	0.322223405951	9.42007327235e-31	0.322223405951	6.53913852771e-55	4.61617782825e-12	2.47014890254e-51	2.03743615332e-21	0.0569340922993	1.63352090747e-51	4.86054971942e-122	5.42859659293e-09	0.018040323892	0.00634658975587	0.322223405951	0.322223405951
GO:0003677	DNA binding	M	660	114	78	0.322223405951	0.322223405951	2.6659848749e-33	0.322223405951	2.70105240542e-51	3.49077956852e-17	5.96504845149e-47	4.50836569662e-21	0.000152058738213	3.26502302815e-38	1.70460575807e-109	2.62698434808e-11	1.87794201685e-06	0.00055667604589	0.159386051975	0.322223405951
GO:0097159	organic cyclic compound binding	M	2911	387	275	0.322223405951	0.322223405951	6.59589808814e-23	0.322223405951	2.99795497699e-65	7.37898419241e-06	5.53907894704e-52	4.46373880782e-29	0.322223405951	2.82993358041e-69	2.68027305455e-133	0.000420701135418	0.0831989669294	0.0062468001227	0.322223405951	0.322223405951
GO:0043412	macromolecule modification	P	1864	17	23	0.322223405951	0.322223405951	0.322223405951	0.322223405951	0.322223405951	0.322223405951	0.322223405951	0.322223405951	0.322223405951	0.322223405951	0.322223405951	0.322223405951	0.322223405951	0.322223405951	0.322223405951	0.322223405951
GO:0048869	cellular developmental process	P	1096	20	21	0.322223405951	0.322223405951	6.68359357417e-13	0.322223405951	4.54946968748e-25	1.10249264675e-05	8.65473377076e-19	0.00683340014957	0.322223405951	1.16288547195e-15	3.82894071828e-81	0.00543628223952	0.322223405951	0.322223405951	0.322223405951	0.322223405951
GO:0051239	regulation of multicellular organismal process	P	639	10	13	0.322223405951	0.322223405951	4.54356771059e-08	0.322223405951	7.68800356425e-24	0.0831989669294	7.37822260123e-18	0.322223405951	0.322223405951	5.54608103503e-20	0.0	0.322223405951	0.322223405951	0.322223405951	0.322223405951	0.322223405951
GO:0051234	establishment of localization	P	2452	46	58	0.322223405951	0.322223405951	8.59806003805e-06	0.322223405951	0.322223405951	0.322223405951	9.0089107464e-05	0.322223405951	0.322223405951	0.322223405951	0.322223405951	0.322223405951	0.322223405951	0.322223405951	0.322223405951	0.322223405951
GO:0061458	reproductive system development	P	1194	68	45	0.322223405951	0.322223405951	8.26197782098e-07	0.322223405951	2.96616549386e-36	1.98934102893e-17	7.22016880754e-34	3.20416454794e-19	0.00543628223952	1.60268363364e-33	1.3784996412e-85	8.24106659838e-11	5.42859659293e-09	4.8927569891e-07	0.00205179402418	0.322223405951
GO:0045935	positive regulation of nucleobase-containing compound metabolic process	P	311	10	13	0.322223405951	0.322223405951	2.72839915043e-07	0.322223405951	2.93862359417e-22	0.0237784661239	2.82640874111e-06	0.322223405951	0.322223405951	0.0237784661239	0.0	0.322223405951	0.322223405951	0.322223405951	0.322223405951	0.322223405951
GO:0045934	negative regulation of nucleobase-containing compound metabolic process	P	308	7	9	0.322223405951	0.322223405951	0.322223405951	0.322223405951	0.322223405951	0.322223405951	0.322223405951	0.322223405951	0.322223405951	0.322223405951	0.322223405951	0.322223405951	0.322223405951	0.322223405951	0.322223405951	0.322223405951
GO:0031974	membrane-enclosed lumen	C	446	5	5	0.322223405951	0.322223405951	0.322223405951	0.322223405951	4.9030919638e-15	0.00100132738394	0.322223405951	0.322223405951	0.322223405951	0.00100132738394	0.0	0.0127683316054	0.322223405951	0.322223405951	0.322223405951	0.322223405951
GO:0048513	organ development	P	1497	77	61	0.322223405951	0.322223405951	4.53943650448e-25	0.322223405951	1.43046674744e-42	2.81056221408e-11	2.01372210752e-39	2.28094445864e-19	0.0237784661239	3.43950497909e-33	1.03875972706e-94	5.82169488957e-09	0.00010216012507	0.000112302299792	0.159386051975	0.322223405951
GO:0048518	positive regulation of biological process	P	821	35	40	0.322223405951	0.322223405951	2.86176891642e-12	0.322223405951	4.14159424359e-38	0.103000037411	1.52205841874e-16	0.00683340014957	0.322223405951	8.83394957305e-34	0.0	0.322223405951	0.322223405951	0.322223405951	0.322223405951	0.322223405951
GO:0048519	negative regulation of biological process	P	1069	36	45	0.322223405951	0.322223405951	2.09281639276e-09	0.322223405951	4.79055830161e-21	0.322223405951	0.00205773255237	0.00634658975587	0.322223405951	0.0	0.322223405951	0.322223405951	0.322223405951	0.322223405951	0.322223405951	0.322223405951
GO:0002376	immune system process	P	861	24	27	0.322223405951	0.322223405951	0.00036375873154	0.322223405951	4.01671222906e-26	0.018545610562	9.01987096644e-17	0.000432446749279	0.322223405951	6.98679605721e-33	0.0	0.322223405951	0.322223405951	0.322223405951	0.322223405951	0.322223405951
GO:0048646	anatomical structure formation involved in morphogenesis	P	1182	30	37	0.322223405951	0.322223405951	3.56320736314e-18	0.322223405951	1.57854825185e-32	0.00228485816613	2.83086181183e-28	0.0127683316054	0.322223405951	2.7626966173e-27	0.0	0.322223405951	0.322223405951	0.322223405951	0.322223405951	0.322223405951
GO:0071495	cellular response to endogenous stimulus	P	684	31	36	0.322223405951	0.322223405951	0.0470789093437	0.322223405951	4.14334548812e-31	0.159386051975	2.41835358048e-23	0.000222086938225	0.322223405951	1.62966341532e-48	0.0	0.159386051975	0.322223405951	0.322223405951	0.322223405951	0.322223405951
GO:0035670	plant-type ovary development	P	158	19	11	0.322223405951	0.322223405951	4.4027826974e-13	0.322223405951	4.59602979848e-23	7.07556309983e-15	3.61563994316e-17	0.0127683316054	0.322223405951	0.000441531860143	8.70426202703e-55	1.60909099541e-11	2.40124185801e-05	0.322223405951	0.159386051975	0.322223405951
GO:0002682	regulation of immune system process	P	468	13	16	0.322223405951	0.322223405951	5.34733226239e-13	0.322223405951	0.322223405951	0.322223405951	3.37027919109e-12	0.322223405951	0.322223405951	0.322223405951	0.322223405951	0.322223405951	0.322223405951	0.322223405951	0.322223405951	0.322223405951
GO:0051707	response to other organism	P	1249	40	45	0.322223405951	0.322223405951	0.0275705432456	0.322223405951	3.52560675551e-26	0.0333788062508	6.35328523842e-13	4.77706886795e-05	0.322223405951	1.19494829623e-37	4.22944184335e-58	0.322223405951	0.322223405951	0.322223405951	0.322223405951	0.322223405951
GO:0051704	multi-organism process	P	1494	51	56	0.322223405951	0.322223405951	0.468643221114	0.322223405951	6.9334821206e-34	0.0569340922993	2.59767887668e-21	4.44057809214e-07	0.322223405951	2.12961865898e-43	4.22944184335e-58	0.322223405951	0.322223405951	0.322223405951	0.322223405951	0.322223405951
GO:0009536	plastid	C	2634	4	7	0.322223405951	0.322223405951	0.322223405951	0.322223405951	0.322223405951	0.322223405951	0.322223405951	0.322223405951	0.322223405951	0.322223405951	0.322223405951	0.322223405951	0.322223405951	0.322223405951	0.322223405951	0.322223405951
GO:0071840	cellular component organization or biogenesis	P	2917	95	95	0.322223405951	0.322223405951	1.0345373901e-11	0.322223405951	2.47484072705e-39	0.322223405951	8.64335024477e-11	0.0443151771535	0.322223405951	0.322223405951	0.322223405951	0.322223405951	0.322223405951	0.322223405951	0.322223405951	0.322223405951
GO:0016053	organic acid biosynthetic process	P	1065	20	23	0.322223405951	0.322223405951	2.72839915043e-07	0.322223405951	3.90994769341e-17	0.322223405951	2.09874115152e-08	0.00191735286375	0.322223405951	1.97818186038e-37	0.322223405951	0.322223405951	0.322223405951	0.322223405951	0.322223405951	0.322223405951
GO:0016051	carbohydrate biosynthetic process	P	802	7	9	0.322223405951	0.322223405951	5.71064254506e-06	0.322223405951	0.322223405951	0.322223405951	5.71064254506e-06	0.322223405951	0.322223405951	0.322223405951	0.322223405951	0.322223405951	0.322223405951	0.322223405951	0.322223405951	0.322223405951
GO:0005634	nucleus	C	3650	483	347	0.322223405951	0.322223405951	1.72805159366e-21	0.322223405951	2.62797129426e-63	4.77887353268e-06	4.89960789584e-50	4.55014752286e-27	0.322223405951	5.24816420254e-68	5.00696766645e-126	3.76809366841e-06	0.0831989669294	1.94290450468e-45	0.322223405951	0.322223405951
GO:0006725	cellular aromatic compound metabolic process	P	2706	32	36	0.322223405951	0.322223405951	2.40124185801e-05	0.322223405951	1.74429361848e-41	0.322223405951	0.0236448318235	0.000516928494134	0.322223405951	8.83972629e-51	0.0	0.322223405951	0.322223405951	0.322223405951	0.322223405951	0.322223405951
GO:0010558	negative regulation of macromolecule biosynthetic process	P	313	7	9	0.322223405951	0.322223405951	0.322223405951	0.322223405951	0.322223405951	0.322223405951	0.322223405951	0.322223405951	0.322223405951	0.322223405951	0.322223405951	0.322223405951	0.322223405951	0.322223405951	0.322223405951	0.322223405951
GO:0008270	zinc ion binding	M	620	9	13	0.322223405951	0.322223405951	0.322223405951	0.322223405951	9.30761320387e-23	0.322223405951	3.78511060117e-15	0.322223405951	0.322223405951	0.0	0.322223405951	0.322223405951	0.322223405951	0.322223405951	0.322223405951	0.322223405951
GO:0070727	cellular macromolecule localization	P	1023	9	12	0.322223405951	0.322223405951	7.60424845537e-08	0.322223405951	0.322223405951	0.322223405951	2.51889263866e-07	0.322223405951	0.322223405951	0.322223405951	0.322223405951	0.322223405951	0.322223405951	0.322223405951	0.322223405951	0.322223405951
GO:0045892	negative regulation of transcription, DNA-dependent	P	301	7	9	0.322223405951	0.322223405951	0.322223405951	0.322223405951	0.322223405951	0.322223405951	0.322223405951	0.322223405951	0.322223405951	0.322223405951	0.322223405951	0.322223405951	0.322223405951	0.322223405951	0.322223405951	0.322223405951
GO:0045893	positive regulation of transcription, DNA-dependent	P	307	10	13	0.322223405951	0.322223405951	7.11990363961e-06	0.322223405951	7.43101246366e-21	0.00683340014957	0.00908471053377	0.0831989669294	0.322223405951	0.00683340014957	2.71690605285e-43	0.322223405951	0.322223405951	0.322223405951	0.322223405951	0.322223405951
GO:0022622	root system development	P	648	5	8	0.322223405951	0.322223405951	0.00683340014957	0.322223405951	0.322223405951	0.322223405951	0.00683340014957	0.322223405951	0.322223405951	0.322223405951	0.322223405951	0.322223405951	0.322223405951	0.322223405951	0.322223405951	0.322223405951
GO:0006886	intracellular protein transport	P	989	9	12	0.322223405951	0.322223405951	1.0898611615e-06	0.322223405951	0.322223405951	0.322223405951	3.35648852309e-06	0.322223405951	0.322223405951	0.322223405951	0.322223405951	0.322223405951	0.322223405951	0.322223405951	0.322223405951	0.322223405951
GO:0045088	regulation of innate immune response	P	462	13	16	0.322223405951	0.322223405951	1.35046412151e-14	0.322223405951	0.322223405951	0.322223405951	2.36487094142e-13	0.322223405951	0.322223405951	0.322223405951	0.322223405951	0.322223405951	0.322223405951	0.322223405951	0.322223405951	0.322223405951
GO:0046983	protein dimerization activity	M	163	11	8	0.322223405951	0.322223405951	2.60203153079e-06	0.322223405951	3.64438475315e-16	7.03405963808e-14	2.60203153079e-06	0.322223405951	0.322223405951	7.03405963808e-14	2.80971813023e-43	3.65428956384e-06	0.322223405951	0.322223405951	0.322223405951	0.322223405951
GO:0042221	response to chemical stimulus	P	2683	194	172	0.322223405951	0.322223405951	3.4600708894e-24	0.322223405951	1.26564306897e-49	0.0333788062508	5.56128261101e-17	5.19761399207e-19	0.322223405951	5.08669292716e-59	0.0	0.159386051975	0.322223405951	2.5178839141e-26	0.322223405951	0.322223405951
GO:0003700	sequence-specific DNA binding transcription factor activity	M	461	93	61	0.322223405951	0.322223405951	3.8460988731e-39	0.322223405951	8.93140125479e-49	4.56507663415e-18	1.98745139939e-38	7.62288062431e-14	0.0099491525424	5.05971942821e-17	2.07918025254e-96	7.15973181001e-15	0.000590596292061	0.018040323892	0.159386051975	0.322223405951
GO:0010363	regulation of plant-type hypersensitive response	P	433	12	15	0.322223405951	0.322223405951	2.03213168859e-10	0.322223405951	0.322223405951	0.322223405951	4.83551321337e-09	0.322223405951	0.322223405951	0.322223405951	0.322223405951	0.322223405951	0.322223405951	0.322223405951	0.322223405951	0.322223405951
GO:0001071	nucleic acid binding transcription factor activity	M	461	93	61	0.322223405951	0.322223405951	1.29635029691e-36	0.322223405951	5.20395902889e-45	2.29368876785e-19	1.32107653372e-36	2.73792976117e-14	0.00363470385034	1.61227016761e-18	4.06154898821e-94	8.94272745645e-16	1.34303140666e-06	0.00348395324264	0.0579656115364	0.322223405951
GO:0071554	cell wall organization or biogenesis	P	850	15	22	0.322223405951	0.322223405951	0.322223405951	0.322223405951	3.50251410762e-34	0.322223405951	0.322223405951	0.322223405951	0.322223405951	0.322223405951	0.322223405951	0.322223405951	0.322223405951	0.322223405951	0.322223405951	0.322223405951
GO:0010033	response to organic substance	P	2012	154	133	0.322223405951	0.322223405951	3.39929095218e-18	0.322223405951	2.77878733325e-47	0.00634658975587	8.16330102752e-16	5.46106742148e-17	0.322223405951	1.17748287658e-54	6.42288484319e-73	0.322223405951	0.322223405951	6.51038139831e-36	0.322223405951	0.322223405951
GO:0048481	ovule development	P	158	19	11	0.322223405951	0.322223405951	1.51800663275e-11	0.322223405951	9.70678004691e-23	8.99677058195e-14	5.06383287058e-17	0.0099491525424	0.322223405951	1.38016288311e-05	6.68978949337e-52	4.88508864847e-12	0.000102644043022	0.322223405951	0.322223405951	0.322223405951
GO:0043169	cation binding	M	1287	23	29	0.322223405951	0.322223405951	0.322223405951	0.322223405951	1.11240563738e-22	0.322223405951	1.44018571213e-21	0.322223405951	0.322223405951	2.71690605285e-43	0.322223405951	0.322223405951	0.322223405951	0.322223405951	0.322223405951	0.322223405951
GO:0032991	macromolecular complex	C	1164	5	6	0.322223405951	0.322223405951	0.322223405951	0.322223405951	0.322223405951	0.322223405951	0.322223405951	0.322223405951	0.322223405951	0.322223405951	0.322223405951	0.322223405951	0.322223405951	0.322223405951	0.322223405951	0.322223405951
GO:0009725	response to hormone stimulus	P	1172	70	72	0.322223405951	0.322223405951	1.05850343831e-08	0.322223405951	2.3828197259e-48	0.322223405951	1.29403436181e-09	1.37845035437e-07	0.322223405951	2.33933031479e-96	0.0	0.322223405951	0.322223405951	0.322223405951	0.322223405951	0.322223405951
GO:0009723	response to ethylene stimulus	P	324	9	12	0.322223405951	0.322223405951	0.322223405951	0.322223405951	1.69705036371e-16	0.322223405951	6.83132977695e-16	0.322223405951	0.322223405951	3.77193177738e-26	0.322223405951	0.322223405951	0.322223405951	0.322223405951	0.322223405951	0.322223405951
GO:0019752	carboxylic acid metabolic process	P	1641	33	37	0.322223405951	0.322223405951	4.6468621286e-11	0.322223405951	2.58902827069e-26	0.322223405951	0.0547622181125	0.000293282185123	0.322223405951	3.87329809084e-46	0.322223405951	0.322223405951	0.322223405951	0.322223405951	0.322223405951	0.322223405951
GO:0007154	cell communication	P	1523	77	82	0.322223405951	0.322223405951	0.237103057306	0.322223405951	1.49594285847e-32	0.0127683316054	1.21402327029e-23	4.44101704629e-06	0.322223405951	9.52268278152e-44	0.0	0.0443151771535	0.322223405951	0.322223405951	0.322223405951	0.322223405951
GO:0072330	monocarboxylic acid biosynthetic process	P	721	7	7	0.322223405951	0.322223405951	0.322223405951	0.322223405951	1.96863639025e-06	0.322223405951	2.64714075246e-06	0.322223405951	0.322223405951	2.079548827e-14	0.322223405951	0.322223405951	0.322223405951	0.322223405951	0.322223405951	0.322223405951
GO:0009266	response to temperature stimulus	P	839	33	36	0.322223405951	0.322223405951	3.23280347721e-10	0.322223405951	1.47789066032e-36	0.322223405951	0.000311012518696	0.000432446749279	0.322223405951	0.0	0.322223405951	0.322223405951	0.322223405951	0.322223405951	0.322223405951	0.322223405951
GO:0048364	root development	P	647	5	8	0.322223405951	0.322223405951	0.0443151771535	0.322223405951	0.322223405951	0.322223405951	0.0443151771535	0.322223405951	0.322223405951	0.322223405951	0.322223405951	0.322223405951	0.322223405951	0.322223405951	0.322223405951	0.322223405951
GO:2000241	regulation of reproductive process	P	352	7	9	0.322223405951	0.322223405951	3.26468195294e-06	0.322223405951	5.09251273875e-17	0.0237784661239	3.26468195294e-06	0.322223405951	0.322223405951	0.0237784661239	2.71690605285e-43	0.322223405951	0.322223405951	0.322223405951	0.322223405951	0.322223405951
GO:0009892	negative regulation of metabolic process	P	481	8	11	0.322223405951	0.322223405951	0.322223405951	0.322223405951	0.322223405951	0.322223405951	0.322223405951	0.322223405951	0.322223405951	0.322223405951	0.322223405951	0.322223405951	0.322223405951	0.322223405951	0.322223405951	0.322223405951
GO:0048608	reproductive structure development	P	1194	68	45	0.322223405951	0.322223405951	1.10990231175e-05	0.322223405951	1.57733558289e-34	1.98549777938e-19	5.89967922736e-35	2.48546148041e-20	0.000193839480402	1.24888675537e-34	2.2454740692e-75	1.40929495457e-10	5.18554450814e-08	3.61822159278e-09	0.00157177540832	0.322223405951
GO:0022414	reproductive process	P	1648	74	53	0.322223405951	0.322223405951	4.75777520963e-13	0.322223405951	1.00357729945e-35	5.77528410757e-19	7.97620064892e-35	1.06267832657e-18	0.000337139941643	2.40974001682e-35	8.61371162496e-85	4.37798019829e-08	5.52164390736e-06	1.2443985173e-08	0.00363470385034	0.322223405951
GO:0009743	response to carbohydrate stimulus	P	449	4	7	0.322223405951	0.322223405951	0.322223405951	0.322223405951	0.322223405951	0.322223405951	0.322223405951	0.322223405951	0.322223405951	0.322223405951	0.322223405951	0.322223405951	0.322223405951	0.322223405951	0.322223405951	0.322223405951
GO:0019222	regulation of metabolic process	P	1813	304	237	0.322223405951	0.322223405951	6.15766471214e-40	0.322223405951	5.4806942398e-60	1.30987466315e-09	7.53223286066e-58	1.00109709071e-21	0.0324477786167	2.30144677537e-58	4.38347926437e-119	6.11014130083e-07	0.159386051975	1.5240179786e-62	0.322223405951	0.322223405951
GO:0080090	regulation of primary metabolic process	P	1425	230	168	0.322223405951	0.322223405951	7.26687976162e-33	0.322223405951	1.51606550749e-52	8.18901535164e-09	1.34345213376e-47	4.32174879944e-25	0.018040323892	3.95558973559e-53	2.36764307903e-108	2.00584568081e-07	0.018040323892	3.28700876738e-52	0.322223405951	0.322223405951
GO:0006820	anion transport	P	546	4	6	0.322223405951	0.322223405951	0.322223405951	0.322223405951	0.322223405951	0.322223405951	0.322223405951	0.322223405951	0.322223405951	0.322223405951	0.322223405951	0.322223405951	0.322223405951	0.322223405951	0.322223405951	0.322223405951
GO:0048440	carpel development	P	188	19	11	0.322223405951	0.322223405951	4.65720162492e-09	0.322223405951	3.35068812379e-19	1.72803045213e-16	9.00832923611e-11	0.0443151771535	0.159386051975	6.84648874563e-05	4.26869761391e-48	6.17266913003e-10	5.5333641783e-05	0.322223405951	0.0831989669294	0.322223405951
GO:0009908	flower development	P	519	36	18	0.322223405951	0.322223405951	3.03946858173e-18	0.322223405951	4.09846087769e-29	6.66927364839e-23	3.71426269193e-24	3.05506334806e-11	5.71064254506e-06	5.48733324771e-05	3.53378056059e-63	4.0001606549e-12	2.25175280307e-11	1.75264651649e-06	1.75264651649e-06	0.159386051975
GO:0009909	regulation of flower development	P	304	6	7	0.322223405951	0.322223405951	0.000516928494134	0.322223405951	2.38186774119e-14	0.00363470385034	0.000516928494134	0.322223405951	0.322223405951	0.00363470385034	0.0	0.0237784661239	0.322223405951	0.322223405951	0.322223405951	0.322223405951
GO:0006464	cellular protein modification process	P	1580	16	22	0.322223405951	0.322223405951	0.322223405951	0.322223405951	0.322223405951	0.322223405951	0.322223405951	0.322223405951	0.322223405951	0.322223405951	0.322223405951	0.322223405951	0.322223405951	0.322223405951	0.322223405951	0.322223405951
GO:0048856	anatomical structure development	P	2282	128	104	0.322223405951	0.322223405951	4.68346188837e-23	0.322223405951	3.08275099817e-47	4.14122044289e-11	8.29962607815e-41	1.8675280598e-23	0.00363470385034	2.95860077435e-43	2.48901426771e-96	2.24211266432e-09	0.00543628223952	8.25491875094e-08	0.322223405951	0.322223405951
GO:0006807	nitrogen compound metabolic process	P	2692	18	22	0.322223405951	0.322223405951	0.322223405951	0.322223405951	6.28635380915e-41	0.322223405951	0.322223405951	0.322223405951	0.322223405951	0.322223405951	0.322223405951	0.322223405951	0.322223405951	0.322223405951	0.322223405951	0.322223405951
GO:0048467	gynoecium development	P	197	19	11	0.322223405951	0.322223405951	8.31700713055e-11	0.322223405951	1.05560999202e-24	6.81024908678e-15	5.61028259113e-15	0.0099491525424	0.322223405951	4.33210388826e-07	2.80354416407e-53	1.03986366758e-09	1.18332211269e-05	0.322223405951	0.0831989669294	0.322223405951
GO:0048468	cell development	P	684	12	12	0.322223405951	0.322223405951	3.52379233254e-08	0.322223405951	1.67421123917e-23	4.91652670654e-05	2.69552003865e-14	0.322223405951	0.322223405951	2.23646797352e-15	2.78035015258e-55	0.00157177540832	0.322223405951	0.322223405951	0.322223405951	0.322223405951
GO:0010243	response to organic nitrogen	P	425	13	14	0.322223405951	0.322223405951	0.322223405951	0.322223405951	5.34094253123e-12	0.0443151771535	6.63373044022e-09	0.322223405951	0.322223405951	4.1670747222e-26	2.71690605285e-43	0.322223405951	0.322223405951	0.322223405951	0.322223405951	0.322223405951
GO:0043170	macromolecule metabolic process	P	3845	85	89	0.322223405951	0.322223405951	7.61152881887e-12	0.322223405951	0.322223405951	0.322223405951	2.56303887225e-11	0.322223405951	0.322223405951	0.322223405951	0.322223405951	0.322223405951	0.322223405951	0.322223405951	0.322223405951	0.322223405951
GO:0046907	intracellular transport	P	1278	14	19	0.322223405951	0.322223405951	6.63373044022e-09	0.322223405951	0.322223405951	0.322223405951	2.58256064781e-08	0.322223405951	0.322223405951	0.322223405951	0.322223405951	0.322223405951	0.322223405951	0.322223405951	0.322223405951	0.322223405951
GO:0032502	developmental process	P	2645	151	130	0.322223405951	0.322223405951	5.90090708196e-26	0.322223405951	1.54602592881e-43	2.38426568613e-10	1.05572457442e-42	1.56094491764e-21	0.00157177540832	1.84507365199e-41	2.12166476663e-97	7.73611644629e-06	0.00157177540832	6.26126393533e-32	0.322223405951	0.322223405951
GO:0032501	multicellular organismal process	P	2608	143	117	0.322223405951	0.322223405951	4.58281497527e-29	0.322223405951	1.05500226187e-46	9.83969287896e-11	1.06519067931e-46	9.41385234116e-24	0.0099491525424	3.97111994473e-47	7.42882052649e-106	4.15022936097e-07	0.0109257193342	1.56940526895e-30	0.322223405951	0.322223405951
GO:0065007	biological regulation	P	3441	490	386	0.322223405951	0.322223405951	4.57030314117e-37	0.322223405951	1.99937801008e-65	4.84810377689e-07	2.29041367175e-57	8.43060592974e-25	0.322223405951	2.21514478807e-65	7.76053600661e-121	2.92849606903e-05	0.0831989669294	4.21912302945e-60	0.322223405951	0.322223405951
GO:0045229	external encapsulating structure organization	P	619	9	12	0.322223405951	0.322223405951	0.00191735286375	0.322223405951	2.7883337039e-23	0.322223405951	0.00348395324264	0.0237784661239	0.322223405951	0.322223405951	0.322223405951	0.322223405951	0.322223405951	0.322223405951	0.322223405951	0.322223405951
GO:0071555	cell wall organization	P	570	9	12	0.322223405951	0.322223405951	0.000263427746826	0.322223405951	2.15086652989e-25	0.322223405951	0.000538254200937	0.0237784661239	0.322223405951	0.322223405951	0.322223405951	0.322223405951	0.322223405951	0.322223405951	0.322223405951	0.322223405951
GO:0010468	regulation of gene expression	P	1220	200	145	0.322223405951	0.322223405951	1.36832217843e-37	0.322223405951	8.93695585533e-54	4.93042392871e-11	7.60772267563e-50	9.22164783883e-22	0.0831989669294	1.42772029978e-50	5.82874433646e-109	7.99445592239e-10	0.018040323892	7.70584592468e-47	0.322223405951	0.322223405951
GO:0005886	plasma membrane	C	2101	6	9	0.322223405951	0.322223405951	0.322223405951	0.322223405951	0.322223405951	0.322223405951	0.322223405951	0.322223405951	0.322223405951	0.322223405951	0.322223405951	0.322223405951	0.322223405951	0.322223405951	0.322223405951	0.322223405951
GO:0007017	microtubule-based process	P	300	4	5	0.322223405951	0.322223405951	0.322223405951	0.322223405951	0.322223405951	0.322223405951	0.322223405951	0.322223405951	0.322223405951	0.322223405951	0.322223405951	0.322223405951	0.322223405951	0.322223405951	0.322223405951	0.322223405951
GO:0007010	cytoskeleton organization	P	488	4	5	0.322223405951	0.322223405951	0.322223405951	0.322223405951	0.322223405951	0.322223405951	0.322223405951	0.322223405951	0.322223405951	0.322223405951	0.322223405951	0.322223405951	0.322223405951	0.322223405951	0.322223405951	0.322223405951
GO:0044281	small molecule metabolic process	P	2295	45	51	0.322223405951	0.322223405951	0.00203293346196	0.322223405951	1.59927363688e-37	0.159386051975	0.000299542317786	0.000432446749279	0.322223405951	2.46525417374e-58	0.0	0.322223405951	0.322223405951	0.322223405951	0.322223405951	0.322223405951
GO:0044283	small molecule biosynthetic process	P	1289	24	29	0.322223405951	0.322223405951	1.52037937576e-05	0.322223405951	5.4297727656e-25	0.322223405951	1.72398310131e-09	0.0237784661239	0.322223405951	6.51038139831e-36	0.322223405951	0.322223405951	0.322223405951	0.322223405951	0.322223405951	0.322223405951
GO:0009887	organ morphogenesis	P	411	7	12	0.322223405951	0.322223405951	0.322223405951	0.322223405951	1.27446496965e-23	0.322223405951	0.322223405951	0.322223405951	0.322223405951	0.322223405951	0.322223405951	0.322223405951	0.322223405951	0.322223405951	0.322223405951	0.322223405951
GO:0097305	response to alcohol	P	606	27	29	0.322223405951	0.322223405951	9.23783705192e-08	0.322223405951	1.05068249583e-32	0.322223405951	0.0956015192762	0.0099491525424	0.322223405951	2.71690605285e-43	0.322223405951	0.322223405951	0.322223405951	0.322223405951	0.322223405951	0.322223405951
GO:0097306	cellular response to alcohol	P	280	15	15	0.322223405951	0.322223405951	5.82169488957e-09	0.322223405951	2.38916604024e-27	0.322223405951	0.0271071485968	7.75182336878e-05	0.322223405951	2.15953418345e-43	0.322223405951	0.322223405951	0.322223405951	0.322223405951	0.322223405951	0.322223405951
GO:0009416	response to light stimulus	P	922	14	22	0.322223405951	0.322223405951	0.00683340014957	0.322223405951	0.322223405951	0.322223405951	0.0116365513552	0.322223405951	0.322223405951	0.322223405951	0.322223405951	0.322223405951	0.322223405951	0.322223405951	0.322223405951	0.322223405951
GO:0009414	response to water deprivation	P	367	13	15	0.322223405951	0.322223405951	6.54588810556e-05	0.322223405951	5.97387561074e-18	0.00683340014957	6.64329619754e-17	0.322223405951	0.322223405951	2.64755472377e-24	6.51038139831e-36	0.322223405951	0.322223405951	0.322223405951	0.322223405951	0.322223405951
GO:0009415	response to water stimulus	P	370	13	15	0.322223405951	0.322223405951	0.00363470385034	0.322223405951	1.8554114057e-16	0.0127683316054	7.03598277072e-16	0.322223405951	0.322223405951	3.44560830281e-28	0.0	0.0831989669294	0.322223405951	0.322223405951	0.322223405951	0.322223405951
GO:0044765	single-organism transport	P	2187	39	50	0.322223405951	0.322223405951	0.000516928494134	0.322223405951	0.322223405951	0.322223405951	0.00169473579494	0.322223405951	0.322223405951	0.322223405951	0.322223405951	0.322223405951	0.322223405951	0.322223405951	0.322223405951	0.322223405951
GO:0071944	cell periphery	C	2410	6	9	0.322223405951	0.322223405951	0.322223405951	0.322223405951	0.322223405951	0.322223405951	0.322223405951	0.322223405951	0.322223405951	0.322223405951	0.322223405951	0.322223405951	0.322223405951	0.322223405951	0.322223405951	0.322223405951
GO:0070013	intracellular organelle lumen	C	437	5	5	0.322223405951	0.322223405951	0.0831989669294	0.322223405951	7.68969170058e-13	0.0127683316054	0.0831989669294	0.322223405951	0.322223405951	0.0127683316054	3.77193177738e-26	0.0443151771535	0.322223405951	0.322223405951	0.322223405951	0.322223405951
GO:0009889	regulation of biosynthetic process	P	1289	217	161	0.322223405951	0.322223405951	3.98523684556e-35	0.322223405951	7.5868254051e-55	5.43078404892e-10	1.53547671387e-50	1.24923062321e-22	0.0127683316054	2.06785487092e-54	2.00243247579e-119	7.58097207918e-08	0.018040323892	2.99474591417e-53	0.322223405951	0.322223405951
GO:0009888	tissue development	P	907	28	29	0.322223405951	0.322223405951	2.37619595455e-13	0.322223405951	7.8184602696e-28	3.83351118547e-06	5.31386911824e-21	0.000104849254635	0.322223405951	1.43000054417e-17	3.82894071828e-81	0.0443151771535	0.322223405951	0.322223405951	0.322223405951	0.322223405951
GO:0009628	response to abiotic stimulus	P	2169	96	97	0.322223405951	0.322223405951	6.42151424672e-12	0.322223405951	6.04737660378e-42	0.159386051975	4.1294439474e-15	4.34710485037e-08	0.322223405951	1.89504000581e-46	0.0	0.322223405951	0.322223405951	0.322223405951	0.322223405951	0.322223405951
GO:0009627	systemic acquired resistance	P	527	7	10	0.322223405951	0.322223405951	0.322223405951	0.322223405951	2.90108448473e-13	0.322223405951	8.29873136687e-10	0.322223405951	0.322223405951	1.57652063648e-28	0.322223405951	0.322223405951	0.322223405951	0.322223405951	0.322223405951	0.322223405951
GO:0033554	cellular response to stress	P	1026	15	22	0.322223405951	0.322223405951	0.322223405951	0.322223405951	0.322223405951	0.322223405951	0.322223405951	0.322223405951	0.322223405951	0.322223405951	0.322223405951	0.322223405951	0.322223405951	0.322223405951	0.322223405951	0.322223405951
GO:0050776	regulation of immune response	P	466	13	16	0.322223405951	0.322223405951	4.19857328697e-12	0.322223405951	0.322223405951	0.322223405951	1.92055650543e-11	0.322223405951	0.322223405951	0.322223405951	0.322223405951	0.322223405951	0.322223405951	0.322223405951	0.322223405951	0.322223405951
GO:0010200	response to chitin	P	393	13	14	0.322223405951	0.322223405951	0.159386051975	0.322223405951	8.81689904231e-11	0.0237784661239	1.000936645e-07	0.322223405951	0.322223405951	2.69428459553e-29	0.0	0.159386051975	0.322223405951	0.322223405951	0.322223405951	0.322223405951
GO:0000910	cytokinesis	P	227	7	8	0.322223405951	0.322223405951	0.322223405951	0.322223405951	0.322223405951	0.322223405951	0.322223405951	0.322223405951	0.322223405951	0.322223405951	0.322223405951	0.322223405951	0.322223405951	0.322223405951	0.322223405951	0.322223405951
GO:0000911	cytokinesis by cell plate formation	P	205	7	8	0.322223405951	0.322223405951	0.322223405951	0.322223405951	0.322223405951	0.322223405951	0.322223405951	0.322223405951	0.322223405951	0.322223405951	0.322223405951	0.322223405951	0.322223405951	0.322223405951	0.322223405951	0.322223405951
GO:0009620	response to fungus	P	530	12	14	0.322223405951	0.322223405951	6.54588810556e-05	0.322223405951	7.46615379829e-12	0.322223405951	4.20130077059e-08	0.0443151771535	0.322223405951	2.75619614978e-24	0.322223405951	0.322223405951	0.322223405951	0.159386051975	0.322223405951	0.322223405951
GO:0009605	response to external stimulus	P	745	25	28	0.322223405951	0.322223405951	4.35549718158e-11	0.322223405951	2.69198018387e-28	0.00602628761674	3.19740216818e-23	0.018040323892	0.322223405951	2.05813093848e-26	0.0	0.322223405951	0.322223405951	0.322223405951	0.322223405951	0.322223405951
GO:0010228	vegetative to reproductive phase transition of meristem	P	436	9	10	0.322223405951	0.322223405951	6.54588810556e-05	0.322223405951	9.65697976023e-18	0.00683340014957	2.23646797352e-15	0.322223405951	0.322223405951	1.60061920132e-20	2.71690605285e-43	0.322223405951	0.322223405951	0.322223405951	0.322223405951	0.322223405951
GO:0051179	localization	P	2569	63	77	0.322223405951	0.322223405951	3.48065385131e-05	0.322223405951	0.322223405951	0.322223405951	4.74565669821e-05	0.322223405951	0.322223405951	0.322223405951	0.322223405951	0.322223405951	0.322223405951	0.322223405951	0.322223405951	0.322223405951
GO:0048585	negative regulation of response to stimulus	P	394	5	8	0.322223405951	0.322223405951	0.322223405951	0.322223405951	0.322223405951	0.322223405951	0.322223405951	0.322223405951	0.322223405951	0.322223405951	0.322223405951	0.322223405951	0.322223405951	0.322223405951	0.322223405951	0.322223405951
GO:0048583	regulation of response to stimulus	P	736	18	23	0.322223405951	0.322223405951	1.16745133683e-08	0.322223405951	0.322223405951	0.322223405951	2.06447500795e-08	0.322223405951	0.322223405951	0.322223405951	0.322223405951	0.322223405951	0.322223405951	0.322223405951	0.322223405951	0.322223405951
GO:0048580	regulation of post-embryonic development	P	381	9	11	0.322223405951	0.322223405951	0.00100132738394	0.322223405951	4.94158116531e-19	0.00191735286375	2.32016447728e-11	0.159386051975	0.322223405951	3.52379233254e-08	2.71690605285e-43	0.322223405951	0.322223405951	0.322223405951	0.322223405951	0.322223405951
GO:0042538	hyperosmotic salinity response	P	173	7	9	0.322223405951	0.322223405951	0.00191735286375	0.322223405951	1.27225633473e-15	0.322223405951	2.2746314703e-14	0.0237784661239	0.322223405951	1.57652063648e-28	0.322223405951	0.322223405951	0.322223405951	0.322223405951	0.322223405951	0.322223405951
GO:0045184	establishment of protein localization	P	1044	9	12	0.322223405951	0.322223405951	1.06330677846e-09	0.322223405951	0.322223405951	0.322223405951	1.28003494079e-08	0.322223405951	0.322223405951	0.322223405951	0.322223405951	0.322223405951	0.322223405951	0.322223405951	0.322223405951	0.322223405951
GO:0009664	plant-type cell wall organization	P	395	5	7	0.322223405951	0.322223405951	3.26468195294e-06	0.322223405951	0.322223405951	0.322223405951	3.26468195294e-06	0.322223405951	0.322223405951	0.322223405951	0.322223405951	0.322223405951	0.322223405951	0.322223405951	0.322223405951	0.322223405951
GO:0060255	regulation of macromolecule metabolic process	P	1325	210	154	0.322223405951	0.322223405951	2.7108849748e-37	0.322223405951	4.90583006895e-58	2.5198011655e-09	3.70485216223e-52	9.13455199551e-26	0.00543628223952	1.49038109798e-52	2.00243247579e-119	3.97840474307e-08	0.000829991969818	5.9327495908e-42	0.322223405951	0.322223405951
GO:0006612	protein targeting to membrane	P	444	6	8	0.322223405951	0.322223405951	3.26468195294e-06	0.322223405951	0.322223405951	0.322223405951	3.26468195294e-06	0.322223405951	0.322223405951	0.322223405951	0.322223405951	0.322223405951	0.322223405951	0.322223405951	0.322223405951	0.322223405951
GO:0023052	signaling	P	1280	54	61	0.322223405951	0.322223405951	0.198824906871	0.322223405951	4.47080021301e-36	0.00908471053377	2.23860938253e-25	0.000352257086067	0.322223405951	7.61670762733e-38	0.0	0.322223405951	0.322223405951	0.322223405951	0.322223405951	0.322223405951
GO:0048569	post-embryonic organ development	P	528	33	17	0.322223405951	0.322223405951	3.7362021798e-17	0.322223405951	3.0017261362e-32	3.33877448485e-18	1.65159580413e-30	1.80208935173e-09	0.00683340014957	7.89409963924e-09	1.50882638011e-68	5.11647216275e-15	1.39038136573e-10	0.000152058738213	0.000293282185123	0.0831989669294
GO:0009863	salicylic acid mediated signaling pathway	P	410	8	12	0.322223405951	0.322223405951	0.322223405951	0.322223405951	5.12935789031e-25	0.322223405951	9.89837427787e-18	0.322223405951	0.322223405951	2.71690605285e-43	0.322223405951	0.322223405951	0.322223405951	0.322223405951	0.322223405951	0.322223405951
GO:0009862	systemic acquired resistance, salicylic acid mediated signaling pathway	P	300	6	9	0.322223405951	0.322223405951	0.322223405951	0.322223405951	2.51579760155e-21	0.322223405951	4.58988998979e-13	0.322223405951	0.322223405951	0.0	0.322223405951	0.322223405951	0.322223405951	0.322223405951	0.322223405951	0.322223405951
GO:0009867	jasmonic acid mediated signaling pathway	P	324	5	9	0.322223405951	0.322223405951	0.322223405951	0.322223405951	0.322223405951	0.322223405951	0.322223405951	0.322223405951	0.322223405951	0.322223405951	0.322223405951	0.322223405951	0.322223405951	0.322223405951	0.322223405951	0.322223405951
GO:0044255	cellular lipid metabolic process	P	1084	9	11	0.322223405951	0.322223405951	0.322223405951	0.322223405951	0.322223405951	0.322223405951	0.322223405951	0.322223405951	0.322223405951	0.322223405951	0.322223405951	0.322223405951	0.322223405951	0.322223405951	0.322223405951	0.322223405951
GO:2000112	regulation of cellular macromolecule biosynthetic process	P	1124	180	131	0.322223405951	0.322223405951	4.68999699439e-36	0.322223405951	8.44371507101e-54	1.1133522102e-12	1.96823953114e-48	2.33221314083e-20	0.00363470385034	1.15793463518e-48	1.11198690505e-102	1.59266094625e-09	0.00348395324264	4.19559663938e-46	0.322223405951	0.322223405951
GO:2000113	negative regulation of cellular macromolecule biosynthetic process	P	313	7	9	0.322223405951	0.322223405951	0.322223405951	0.322223405951	0.322223405951	0.322223405951	0.322223405951	0.322223405951	0.322223405951	0.322223405951	0.322223405951	0.322223405951	0.322223405951	0.322223405951	0.322223405951	0.322223405951
GO:0050793	regulation of developmental process	P	737	13	18	0.322223405951	0.322223405951	1.99805144494e-06	0.322223405951	1.02558076547e-23	0.159386051975	2.18124738314e-17	0.322223405951	0.322223405951	2.5178839141e-26	0.0	0.159386051975	0.322223405951	0.322223405951	0.322223405951	0.322223405951
GO:0050794	regulation of cellular process	P	2663	396	304	0.322223405951	0.322223405951	2.41534054182e-35	0.322223405951	4.41782142268e-62	6.16962860393e-07	7.65806229553e-57	1.95238410481e-25	0.322223405951	5.18048736714e-63	4.38347926437e-119	5.61416526054e-06	0.0443151771535	8.06376083553e-59	0.322223405951	0.322223405951
GO:0035556	intracellular signal transduction	P	452	12	13	0.322223405951	0.322223405951	0.0237784661239	0.322223405951	2.86186661665e-18	0.0237784661239	9.57037495818e-17	0.159386051975	0.322223405951	2.27005795733e-30	0.0	0.322223405951	0.322223405951	0.322223405951	0.322223405951	0.322223405951
GO:0044700	single organism signaling	P	1279	54	61	0.322223405951	0.322223405951	0.109531764511	0.322223405951	1.145551822e-35	0.322223405951	1.73271821822e-27	1.04189652216e-07	0.322223405951	6.30354730124e-68	0.0	0.322223405951	0.322223405951	0.322223405951	0.322223405951	0.322223405951
GO:0044702	single organism reproductive process	P	761	4	5	0.322223405951	0.322223405951	0.322223405951	0.322223405951	1.84332486244e-18	0.322223405951	0.322223405951	0.322223405951	0.322223405951	0.322223405951	0.322223405951	0.322223405951	0.322223405951	0.322223405951	0.322223405951	0.322223405951
GO:0044707	single-multicellular organism process	P	2596	143	117	0.322223405951	0.322223405951	3.2274110499e-26	0.322223405951	1.36458050519e-47	2.18164301436e-10	1.21833000286e-46	7.47281308319e-20	0.00191735286375	1.00896201668e-46	1.76023800542e-98	1.50820162568e-06	0.000112302299792	1.25415611359e-41	0.322223405951	0.322223405951
GO:0006355	regulation of transcription, DNA-dependent	P	1049	163	122	0.322223405951	0.322223405951	3.78190197474e-36	0.322223405951	1.06512320438e-52	7.66043296941e-12	4.33124039893e-50	2.46382247358e-20	0.000829991969818	1.61816574488e-43	3.72350196537e-94	3.97840474307e-08	0.00102419945905	7.71018132655e-37	0.322223405951	0.322223405951
GO:0009611	response to wounding	P	351	4	6	0.322223405951	0.322223405951	0.322223405951	0.322223405951	0.322223405951	0.322223405951	0.322223405951	0.322223405951	0.322223405951	0.322223405951	0.322223405951	0.322223405951	0.322223405951	0.322223405951	0.322223405951	0.322223405951
GO:0043167	ion binding	M	2562	53	63	0.322223405951	0.322223405951	6.14750165568e-06	0.322223405951	1.86814463897e-20	0.322223405951	1.84627506518e-11	0.018040323892	0.322223405951	0.0	0.322223405951	0.322223405951	0.322223405951	0.322223405951	0.322223405951	0.322223405951
GO:0019438	aromatic compound biosynthetic process	P	1182	12	12	0.322223405951	0.322223405951	0.553839287649	0.322223405951	4.93683325106e-20	0.0127683316054	0.00263546300277	0.000432446749279	0.322223405951	0.0127683316054	0.0	0.322223405951	0.322223405951	0.322223405951	0.322223405951	0.322223405951
GO:0044723	single-organism carbohydrate metabolic process	P	1429	12	14	0.322223405951	0.322223405951	1.04189652216e-07	0.322223405951	0.322223405951	0.322223405951	1.43849185805e-07	0.322223405951	0.322223405951	0.322223405951	0.322223405951	0.322223405951	0.322223405951	0.322223405951	0.322223405951	0.322223405951
GO:0048523	negative regulation of cellular process	P	697	18	21	0.322223405951	0.322223405951	2.00079972977e-09	0.322223405951	6.34200068016e-19	0.322223405951	0.619258588702	0.00363470385034	0.322223405951	2.71690605285e-43	0.322223405951	0.322223405951	0.322223405951	0.322223405951	0.322223405951	0.322223405951
GO:0048522	positive regulation of cellular process	P	710	26	31	0.322223405951	0.322223405951	0.00549071575941	0.322223405951	1.1111758031e-32	0.0831989669294	2.23417275119e-19	0.000432446749279	0.322223405951	5.79130439981e-36	0.0	0.322223405951	0.322223405951	0.322223405951	0.322223405951	0.322223405951
GO:0009738	abscisic acid mediated signaling pathway	P	216	5	6	0.322223405951	0.322223405951	0.322223405951	0.322223405951	6.22488575241e-10	0.322223405951	1.52037937576e-05	0.322223405951	0.322223405951	3.77193177738e-26	0.322223405951	0.322223405951	0.322223405951	0.322223405951	0.322223405951	0.322223405951
GO:2001141	regulation of RNA biosynthetic process	P	1049	163	122	0.322223405951	0.322223405951	1.95062581359e-35	0.322223405951	2.23417437079e-49	1.00898041323e-09	8.03541429547e-46	1.47192177485e-22	0.018545610562	2.80403374446e-45	1.37747961919e-111	8.29873136687e-10	0.0168362991571	4.62407180058e-50	0.322223405951	0.322223405951
GO:0032870	cellular response to hormone stimulus	P	683	31	36	0.322223405951	0.322223405951	0.666172651609	0.322223405951	1.09781617284e-31	0.0831989669294	1.70138197269e-20	0.00174856370087	0.322223405951	1.04139435658e-43	0.0	0.0443151771535	0.322223405951	0.322223405951	0.322223405951	0.322223405951
GO:0071369	cellular response to ethylene stimulus	P	135	6	8	0.322223405951	0.322223405951	0.322223405951	0.322223405951	3.02798847549e-14	0.322223405951	3.02798847549e-14	0.322223405951	0.322223405951	1.35589531974e-31	0.322223405951	0.322223405951	0.322223405951	0.322223405951	0.322223405951	0.322223405951
GO:0080134	regulation of response to stress	P	601	13	16	0.322223405951	0.322223405951	1.45657948691e-10	0.322223405951	0.322223405951	0.322223405951	2.57057169011e-10	0.322223405951	0.322223405951	0.322223405951	0.322223405951	0.322223405951	0.322223405951	0.322223405951	0.322223405951	0.322223405951
GO:0048437	floral organ development	P	416	31	16	0.322223405951	0.322223405951	2.81753659975e-15	0.322223405951	5.66235552137e-27	2.33531544089e-21	2.90597239259e-22	7.12566649142e-08	0.00683340014957	0.000172247452769	3.03371459657e-64	6.59898621585e-12	6.0501677542e-11	0.000432446749279	4.77706886795e-05	0.0831989669294
GO:0008544	epidermis development	P	520	6	8	0.322223405951	0.322223405951	0.322223405951	0.322223405951	5.51306452864e-17	0.322223405951	4.58988998979e-13	0.322223405951	0.322223405951	1.57652063648e-28	0.322223405951	0.322223405951	0.322223405951	0.322223405951	0.322223405951	0.322223405951
GO:0036211	protein modification process	P	1580	16	22	0.322223405951	0.322223405951	0.322223405951	0.322223405951	0.322223405951	0.322223405951	0.322223405951	0.322223405951	0.322223405951	0.322223405951	0.322223405951	0.322223405951	0.322223405951	0.322223405951	0.322223405951	0.322223405951
GO:0044085	cellular component biogenesis	P	1167	9	12	0.322223405951	0.322223405951	0.000516928494134	0.322223405951	0.322223405951	0.322223405951	0.000917957832329	0.322223405951	0.322223405951	0.322223405951	0.322223405951	0.322223405951	0.322223405951	0.322223405951	0.322223405951	0.322223405951
GO:0015031	protein transport	P	1044	9	12	0.322223405951	0.322223405951	1.00384128575e-08	0.322223405951	0.322223405951	0.322223405951	1.79639699795e-07	0.322223405951	0.322223405951	0.322223405951	0.322223405951	0.322223405951	0.322223405951	0.322223405951	0.322223405951	0.322223405951
GO:0051716	cellular response to stimulus	P	2010	97	103	0.322223405951	0.322223405951	0.00289663686257	0.322223405951	1.43659803703e-42	0.00348395324264	8.69229765606e-31	1.08775411148e-08	0.322223405951	2.20644745934e-45	0.0	0.322223405951	0.322223405951	0.322223405951	0.322223405951	0.322223405951
GO:0048316	seed development	P	589	8	11	0.322223405951	0.322223405951	0.0443151771535	0.322223405951	2.66571732812e-17	0.322223405951	9.83162812768e-17	0.159386051975	0.322223405951	6.51038139831e-36	0.322223405951	0.322223405951	0.322223405951	0.322223405951	0.322223405951	0.322223405951
GO:0031224	intrinsic to membrane	C	588	4	5	0.322223405951	0.322223405951	0.322223405951	0.322223405951	0.322223405951	0.322223405951	0.322223405951	0.322223405951	0.322223405951	0.322223405951	0.322223405951	0.322223405951	0.322223405951	0.322223405951	0.322223405951	0.322223405951
GO:0007275	multicellular organismal development	P	2514	135	113	0.322223405951	0.322223405951	1.09733657318e-26	0.322223405951	4.92477143394e-47	5.56674155059e-10	8.58672141285e-45	5.71365466494e-21	0.0333788062508	8.414897908e-42	3.42195068477e-97	6.76379922869e-06	0.00543628223952	3.80785543253e-29	0.322223405951	0.322223405951
GO:0044767	single-organism developmental process	P	1920	93	77	0.322223405951	0.322223405951	1.36134868372e-23	0.322223405951	2.7920833202e-38	3.20356683651e-09	1.7798627346e-37	4.84895230885e-18	0.00191735286375	7.6491522619e-40	1.8183452429e-98	1.65824760294e-06	0.00543628223952	3.77193177738e-26	0.322223405951	0.322223405951
GO:1901700	response to oxygen-containing compound	P	1854	155	132	0.322223405951	0.322223405951	1.41855239489e-25	0.322223405951	2.49049974911e-43	0.0062468001227	1.82208555473e-15	4.27925224916e-18	0.322223405951	5.94074094556e-54	0.0	0.159386051975	0.322223405951	1.35589531974e-31	0.322223405951	0.322223405951
GO:1901701	cellular response to oxygen-containing compound	P	886	37	36	0.322223405951	0.322223405951	0.0511986448152	0.322223405951	1.03487589561e-27	0.0127683316054	5.45451547764e-22	1.7924567874e-06	0.322223405951	6.66619238526e-41	0.0	0.00191735286375	0.322223405951	0.159386051975	0.322223405951	0.322223405951
GO:0016020	membrane	C	3348	16	20	0.322223405951	0.322223405951	0.322223405951	0.322223405951	0.322223405951	0.322223405951	0.322223405951	0.322223405951	0.322223405951	0.322223405951	0.322223405951	0.322223405951	0.322223405951	0.322223405951	0.322223405951	0.322223405951
GO:0009607	response to biotic stimulus	P	1258	40	45	0.322223405951	0.322223405951	0.129417121221	0.322223405951	2.24559388603e-27	0.018545610562	2.8168554062e-16	2.04061458036e-07	0.322223405951	2.53489976831e-36	4.22944184335e-58	0.322223405951	0.322223405951	0.322223405951	0.322223405951	0.322223405951
GO:0043234	protein complex	C	826	4	5	0.322223405951	0.322223405951	0.322223405951	0.322223405951	0.322223405951	0.322223405951	0.322223405951	0.322223405951	0.322223405951	0.322223405951	0.322223405951	0.322223405951	0.322223405951	0.322223405951	0.322223405951	0.322223405951
GO:0043233	organelle lumen	C	437	5	5	0.322223405951	0.322223405951	0.0831989669294	0.322223405951	9.81674806994e-14	0.00363470385034	0.0831989669294	0.322223405951	0.322223405951	0.00363470385034	2.71690605285e-43	0.0127683316054	0.322223405951	0.322223405951	0.322223405951	0.322223405951
GO:0009314	response to radiation	P	977	15	24	0.322223405951	0.322223405951	0.322223405951	0.322223405951	0.322223405951	0.322223405951	0.322223405951	0.322223405951	0.322223405951	0.322223405951	0.322223405951	0.322223405951	0.322223405951	0.322223405951	0.322223405951	0.322223405951
GO:0071446	cellular response to salicylic acid stimulus	P	410	8	12	0.322223405951	0.322223405951	0.322223405951	0.322223405951	1.67076522634e-21	0.322223405951	8.4478180335e-17	0.322223405951	0.322223405951	1.57652063648e-28	0.322223405951	0.322223405951	0.322223405951	0.322223405951	0.322223405951	0.322223405951
GO:0071669	plant-type cell wall organization or biogenesis	P	484	6	9	0.322223405951	0.322223405951	0.00363470385034	0.322223405951	0.322223405951	0.322223405951	0.00363470385034	0.322223405951	0.322223405951	0.322223405951	0.322223405951	0.322223405951	0.322223405951	0.322223405951	0.322223405951	0.322223405951
GO:0009058	biosynthetic process	P	3511	145	134	0.322223405951	0.322223405951	8.79787085541e-16	0.322223405951	3.38299391038e-41	0.322223405951	5.31957320604e-08	4.69583416849e-10	0.322223405951	2.42883832927e-56	0.0	0.322223405951	0.322223405951	0.322223405951	0.322223405951	0.322223405951
GO:0009059	macromolecule biosynthetic process	P	1605	14	16	0.322223405951	0.322223405951	1.73419879327e-08	0.322223405951	0.322223405951	0.322223405951	2.86834471453e-08	0.322223405951	0.322223405951	0.322223405951	0.322223405951	0.322223405951	0.322223405951	0.322223405951	0.322223405951	0.322223405951
GO:0051171	regulation of nitrogen compound metabolic process	P	1174	183	135	0.322223405951	0.322223405951	1.48070371361e-35	0.322223405951	6.84039516501e-56	5.56597623772e-11	3.07430832207e-48	8.49616435919e-24	0.0099491525424	4.7931833876e-49	8.28219130587e-108	4.49507161441e-11	0.000263427746826	6.3092859744e-36	0.322223405951	0.322223405951
GO:0051172	negative regulation of nitrogen compound metabolic process	P	309	7	9	0.322223405951	0.322223405951	0.322223405951	0.322223405951	0.322223405951	0.322223405951	0.322223405951	0.322223405951	0.322223405951	0.322223405951	0.322223405951	0.322223405951	0.322223405951	0.322223405951	0.322223405951	0.322223405951
GO:0051173	positive regulation of nitrogen compound metabolic process	P	318	10	13	0.322223405951	0.322223405951	7.11990363961e-06	0.322223405951	1.46748639214e-20	0.00683340014957	0.00114125514218	0.322223405951	0.322223405951	0.00683340014957	0.0	0.322223405951	0.322223405951	0.322223405951	0.322223405951	0.322223405951
GO:0009056	catabolic process	P	1734	9	13	0.322223405951	0.322223405951	0.322223405951	0.322223405951	1.20562055418e-27	0.322223405951	0.322223405951	0.322223405951	0.322223405951	0.322223405951	0.322223405951	0.322223405951	0.322223405951	0.322223405951	0.322223405951	0.322223405951
GO:0009507	chloroplast	C	2585	4	7	0.322223405951	0.322223405951	0.322223405951	0.322223405951	0.322223405951	0.322223405951	0.322223405951	0.322223405951	0.322223405951	0.322223405951	0.322223405951	0.322223405951	0.322223405951	0.322223405951	0.322223405951	0.322223405951
GO:0032787	monocarboxylic acid metabolic process	P	1201	16	18	0.322223405951	0.322223405951	7.09376983858e-12	0.322223405951	3.27909360666e-23	0.322223405951	2.83892765698e-07	3.88197299246e-05	0.322223405951	0.0	0.322223405951	0.322223405951	0.322223405951	0.322223405951	0.322223405951	0.322223405951
GO:0016044	cellular membrane organization	P	534	5	7	0.322223405951	0.322223405951	0.000263427746826	0.322223405951	0.322223405951	0.322223405951	0.000263427746826	0.322223405951	0.322223405951	0.322223405951	0.322223405951	0.322223405951	0.322223405951	0.322223405951	0.322223405951	0.322223405951
GO:0016043	cellular component organization	P	2606	78	76	0.322223405951	0.322223405951	7.21193074571e-12	0.322223405951	1.6038120569e-43	0.322223405951	1.07287266121e-11	0.0831989669294	0.322223405951	0.322223405951	0.322223405951	0.322223405951	0.322223405951	0.322223405951	0.322223405951	0.322223405951
GO:0034641	cellular nitrogen compound metabolic process	P	2367	16	20	0.322223405951	0.322223405951	0.322223405951	0.322223405951	2.08079503272e-36	0.322223405951	0.322223405951	0.322223405951	0.322223405951	0.322223405951	0.322223405951	0.322223405951	0.322223405951	0.322223405951	0.322223405951	0.322223405951
GO:0034645	cellular macromolecule biosynthetic process	P	1517	12	14	0.322223405951	0.322223405951	8.25491875094e-08	0.322223405951	0.322223405951	0.322223405951	7.58097207918e-08	0.322223405951	0.322223405951	0.322223405951	0.322223405951	0.322223405951	0.322223405951	0.322223405951	0.322223405951	0.322223405951
GO:0008610	lipid biosynthetic process	P	928	6	7	0.322223405951	0.322223405951	0.322223405951	0.322223405951	0.322223405951	0.322223405951	0.322223405951	0.322223405951	0.322223405951	0.322223405951	0.322223405951	0.322223405951	0.322223405951	0.322223405951	0.322223405951	0.322223405951
GO:0000003	reproduction	P	1658	74	53	0.322223405951	0.322223405951	2.69388568697e-09	0.322223405951	2.99214163801e-37	5.8363960764e-17	1.73409374944e-34	6.31982942475e-19	0.00104064971613	4.23774272764e-32	1.85713419021e-76	1.35511263384e-08	2.44773237102e-07	7.38098500296e-08	0.00104064971613	0.322223405951
GO:0010557	positive regulation of macromolecule biosynthetic process	P	320	10	13	0.322223405951	0.322223405951	3.26468195294e-06	0.322223405951	6.6531526902e-20	0.00363470385034	0.0127683316054	0.0831989669294	0.322223405951	0.00363470385034	0.0	0.322223405951	0.322223405951	0.322223405951	0.322223405951	0.322223405951
GO:0010556	regulation of macromolecule biosynthetic process	P	1124	180	131	0.322223405951	0.322223405951	8.18079283801e-33	0.322223405951	2.6136465994e-52	1.15996153949e-09	3.96372198396e-46	8.1322682009e-22	0.00908471053377	9.82362203336e-46	9.71448832451e-102	1.88355595703e-11	0.00543628223952	6.87530616097e-41	0.0443151771535	0.322223405951
GO:0033993	response to lipid	P	657	29	33	0.322223405951	0.322223405951	0.000124219496953	0.322223405951	4.77147771259e-41	0.322223405951	1.18281586198e-06	0.00634658975587	0.322223405951	1.25833733203e-49	0.322223405951	0.322223405951	0.322223405951	0.322223405951	0.322223405951	0.322223405951
GO:0043067	regulation of programmed cell death	P	450	13	17	0.322223405951	0.322223405951	8.24106659838e-11	0.322223405951	0.322223405951	0.322223405951	6.58438604424e-10	0.322223405951	0.322223405951	0.322223405951	0.322223405951	0.322223405951	0.322223405951	0.322223405951	0.322223405951	0.322223405951
GO:0043069	negative regulation of programmed cell death	P	258	4	5	0.322223405951	0.322223405951	1.13044874977e-07	0.322223405951	0.322223405951	0.322223405951	1.13044874977e-07	0.322223405951	0.322223405951	0.322223405951	0.322223405951	0.322223405951	0.322223405951	0.322223405951	0.322223405951	0.322223405951
GO:0000279	M phase	P	269	7	8	0.322223405951	0.322223405951	0.322223405951	0.322223405951	0.322223405951	0.322223405951	0.322223405951	0.322223405951	0.322223405951	0.322223405951	0.322223405951	0.322223405951	0.322223405951	0.322223405951	0.322223405951	0.322223405951
GO:0045087	innate immune response	P	776	14	18	0.322223405951	0.322223405951	0.322223405951	0.322223405951	6.86635107847e-21	0.322223405951	6.08013631145e-16	0.322223405951	0.322223405951	0.0	0.322223405951	0.322223405951	0.322223405951	0.322223405951	0.322223405951	0.322223405951
GO:0010038	response to metal ion	P	633	4	7	0.322223405951	0.322223405951	0.322223405951	0.322223405951	0.322223405951	0.322223405951	0.322223405951	0.322223405951	0.322223405951	0.322223405951	0.322223405951	0.322223405951	0.322223405951	0.322223405951	0.322223405951	0.322223405951
GO:0010035	response to inorganic substance	P	1054	42	49	0.322223405951	0.322223405951	0.0848212800456	0.322223405951	2.93814233666e-33	0.159386051975	1.01843244647e-30	9.32636029502e-05	0.322223405951	4.8621834213e-46	0.0	0.322223405951	0.322223405951	0.322223405951	0.322223405951	0.322223405951
GO:0005975	carbohydrate metabolic process	P	1642	27	28	0.322223405951	0.322223405951	5.4161157831e-11	0.322223405951	0.322223405951	0.322223405951	4.13843389393e-11	0.322223405951	0.322223405951	0.322223405951	0.322223405951	0.322223405951	0.322223405951	0.322223405951	0.322223405951	0.322223405951
GO:0005976	polysaccharide metabolic process	P	682	8	11	0.322223405951	0.322223405951	7.11990363961e-06	0.322223405951	0.322223405951	0.322223405951	7.11990363961e-06	0.322223405951	0.322223405951	0.322223405951	0.322223405951	0.322223405951	0.322223405951	0.322223405951	0.322223405951	0.322223405951
GO:0009719	response to endogenous stimulus	P	1298	100	94	0.322223405951	0.322223405951	9.26202662098e-19	0.322223405951	1.62600480435e-39	0.00363470385034	2.84234676506e-19	4.09741688748e-14	0.322223405951	3.39274988957e-49	0.0	0.322223405951	0.322223405951	0.0324477786167	0.322223405951	0.322223405951
GO:0051322	anaphase	P	95	7	8	0.322223405951	0.322223405951	0.322223405951	0.322223405951	0.322223405951	0.322223405951	0.322223405951	0.322223405951	0.322223405951	0.322223405951	0.322223405951	0.322223405951	0.322223405951	0.322223405951	0.322223405951	0.322223405951
GO:0071407	cellular response to organic cyclic compound	P	567	9	14	0.322223405951	0.322223405951	0.322223405951	0.322223405951	3.66482704821e-21	0.322223405951	6.08013631145e-16	0.322223405951	0.322223405951	2.71690605285e-43	0.322223405951	0.322223405951	0.322223405951	0.322223405951	0.322223405951	0.322223405951
GO:0040007	growth	P	701	8	9	0.322223405951	0.322223405951	0.00191735286375	0.322223405951	2.70102588838e-18	0.0237784661239	5.01821229023e-11	0.322223405951	0.322223405951	1.11821100211e-14	2.71690605285e-43	0.159386051975	0.322223405951	0.322223405951	0.322223405951	0.322223405951
GO:0044267	cellular protein metabolic process	P	2379	17	23	0.322223405951	0.322223405951	0.322223405951	0.322223405951	0.322223405951	0.322223405951	0.322223405951	0.322223405951	0.322223405951	0.322223405951	0.322223405951	0.322223405951	0.322223405951	0.322223405951	0.322223405951	0.322223405951
GO:0044264	cellular polysaccharide metabolic process	P	591	7	10	0.322223405951	0.322223405951	0.00013234126807	0.322223405951	0.322223405951	0.322223405951	0.00013234126807	0.322223405951	0.322223405951	0.322223405951	0.322223405951	0.322223405951	0.322223405951	0.322223405951	0.322223405951	0.322223405951
GO:0044260	cellular macromolecule metabolic process	P	3623	77	80	0.322223405951	0.322223405951	4.2480566664e-14	0.322223405951	0.322223405951	0.322223405951	2.89953471712e-12	0.322223405951	0.322223405951	0.322223405951	0.322223405951	0.322223405951	0.322223405951	0.322223405951	0.322223405951	0.322223405951
GO:0002679	respiratory burst involved in defense response	P	123	7	6	0.322223405951	0.322223405951	0.322223405951	0.322223405951	2.59207860028e-15	0.322223405951	5.58946639858e-07	0.322223405951	0.322223405951	2.01218457928e-21	2.71690605285e-43	0.00683340014957	0.322223405951	0.322223405951	0.322223405951	0.322223405951
GO:0005488	binding	M	4710	633	440	0.322223405951	0.322223405951	1.33931662361e-05	0.322223405951	1.38840721308e-64	8.38031119324e-05	5.42254774126e-44	1.8035759748e-34	0.159386051975	5.04270454256e-71	5.00696766645e-126	0.000293282185123	0.0831989669294	0.00765892298513	0.322223405951	0.322223405951
GO:0014070	response to organic cyclic compound	P	760	18	27	0.322223405951	0.322223405951	0.159386051975	0.322223405951	6.27148298144e-37	0.322223405951	1.57652063648e-28	0.322223405951	0.322223405951	0.0	0.322223405951	0.322223405951	0.322223405951	0.322223405951	0.322223405951	0.322223405951
GO:0022402	cell cycle process	P	579	8	9	0.322223405951	0.322223405951	0.322223405951	0.322223405951	0.322223405951	0.322223405951	0.322223405951	0.322223405951	0.322223405951	0.322223405951	0.322223405951	0.322223405951	0.322223405951	0.322223405951	0.322223405951	0.322223405951
GO:0022403	cell cycle phase	P	365	7	8	0.322223405951	0.322223405951	0.322223405951	0.322223405951	0.322223405951	0.322223405951	0.322223405951	0.322223405951	0.322223405951	0.322223405951	0.322223405951	0.322223405951	0.322223405951	0.322223405951	0.322223405951	0.322223405951
GO:0051301	cell division	P	328	7	8	0.322223405951	0.322223405951	0.322223405951	0.322223405951	0.322223405951	0.322223405951	0.322223405951	0.322223405951	0.322223405951	0.322223405951	0.322223405951	0.322223405951	0.322223405951	0.322223405951	0.322223405951	0.322223405951
GO:0009737	response to abscisic acid stimulus	P	527	19	21	0.322223405951	0.322223405951	7.06543156578e-07	0.322223405951	1.72063898704e-24	0.322223405951	1.0	0.00683340014957	0.322223405951	0.0	0.322223405951	0.322223405951	0.322223405951	0.322223405951	0.322223405951	0.322223405951
GO:0019219	regulation of nucleobase-containing compound metabolic process	P	1146	179	130	0.322223405951	0.322223405951	2.72009970421e-39	0.322223405951	1.60135218766e-54	1.9503386089e-11	9.63962014321e-50	3.41592155206e-24	0.000263427746826	4.81986111703e-47	1.57851697635e-101	1.55090007159e-12	9.32636029502e-05	7.71018132655e-37	0.0831989669294	0.322223405951
GO:0019748	secondary metabolic process	P	646	5	9	0.322223405951	0.322223405951	0.322223405951	0.322223405951	0.322223405951	0.322223405951	0.322223405951	0.322223405951	0.322223405951	0.322223405951	0.322223405951	0.322223405951	0.322223405951	0.322223405951	0.322223405951	0.322223405951
GO:2000026	regulation of multicellular organismal development	P	632	10	13	0.322223405951	0.322223405951	6.63373044022e-09	0.322223405951	3.29412935313e-21	0.0237784661239	1.59132329302e-14	0.322223405951	0.322223405951	7.42638032802e-11	0.0	0.322223405951	0.322223405951	0.322223405951	0.322223405951	0.322223405951
GO:0007165	signal transduction	P	1221	54	61	0.322223405951	0.322223405951	0.0228727616325	0.322223405951	5.50791944492e-39	0.159386051975	1.48517450873e-27	3.88197299246e-05	0.322223405951	6.07862837516e-52	0.0	0.322223405951	0.322223405951	0.322223405951	0.322223405951	0.322223405951
GO:0034613	cellular protein localization	P	1005	9	12	0.322223405951	0.322223405951	8.29873136687e-10	0.322223405951	0.322223405951	0.322223405951	3.73491444385e-08	0.322223405951	0.322223405951	0.322223405951	0.322223405951	0.322223405951	0.322223405951	0.322223405951	0.322223405951	0.322223405951
GO:0046394	carboxylic acid biosynthetic process	P	1065	20	23	0.322223405951	0.322223405951	2.72839915043e-07	0.322223405951	1.60330973923e-15	0.322223405951	5.11342417247e-07	0.00100132738394	0.322223405951	1.09165456086e-24	0.322223405951	0.322223405951	0.322223405951	0.322223405951	0.322223405951	0.322223405951
GO:0071215	cellular response to abscisic acid stimulus	P	240	12	13	0.322223405951	0.322223405951	6.63373044022e-09	0.322223405951	4.31154948327e-21	0.322223405951	0.813159131291	0.00191735286375	0.322223405951	0.0	0.322223405951	0.322223405951	0.322223405951	0.322223405951	0.322223405951	0.322223405951
GO:0009751	response to salicylic acid stimulus	P	463	10	14	0.322223405951	0.322223405951	0.0127683316054	0.322223405951	9.60695049682e-24	0.322223405951	6.21020171153e-12	0.322223405951	0.322223405951	0.0	0.322223405951	0.322223405951	0.322223405951	0.322223405951	0.322223405951	0.322223405951
GO:0009753	response to jasmonic acid stimulus	P	442	12	13	0.322223405951	0.322223405951	0.00634658975587	0.322223405951	1.63866350151e-13	0.0237784661239	5.39481109777e-12	0.000263427746826	0.322223405951	3.6555116333e-25	2.71690605285e-43	0.0831989669294	0.322223405951	0.159386051975	0.322223405951	0.322223405951
GO:0009755	hormone-mediated signaling pathway	P	647	23	28	0.322223405951	0.322223405951	0.843810423632	0.322223405951	3.87077617823e-25	0.0237784661239	7.69066488051e-20	0.00100132738394	0.322223405951	4.57458149903e-35	0.0	0.322223405951	0.322223405951	0.322223405951	0.322223405951	0.322223405951
GO:0010605	negative regulation of macromolecule metabolic process	P	459	8	11	0.322223405951	0.322223405951	0.322223405951	0.322223405951	0.322223405951	0.322223405951	0.322223405951	0.322223405951	0.322223405951	0.322223405951	0.322223405951	0.322223405951	0.322223405951	0.322223405951	0.322223405951	0.322223405951
GO:0010604	positive regulation of macromolecule metabolic process	P	328	10	13	0.322223405951	0.322223405951	2.72839915043e-07	0.322223405951	6.43186118696e-25	0.159386051975	0.000354984877774	0.0443151771535	0.322223405951	0.159386051975	0.0	0.322223405951	0.322223405951	0.322223405951	0.322223405951	0.322223405951
GO:1901576	organic substance biosynthetic process	P	3350	127	113	0.322223405951	0.322223405951	5.11989266197e-17	0.322223405951	2.45273330211e-39	0.18235161124	0.310724928796	3.4816108233e-12	0.322223405951	3.32912820183e-53	0.0	0.322223405951	0.322223405951	0.322223405951	0.322223405951	0.322223405951
GO:0045730	respiratory burst	P	123	7	6	0.322223405951	0.322223405951	0.322223405951	0.322223405951	7.23562076039e-14	0.159386051975	2.58026925201e-09	0.322223405951	0.322223405951	2.00341761806e-20	1.35589531974e-31	0.00100132738394	0.322223405951	0.322223405951	0.322223405951	0.322223405951
GO:1901575	organic substance catabolic process	P	1553	4	6	0.322223405951	0.322223405951	0.322223405951	0.322223405951	2.21021239864e-13	0.322223405951	0.322223405951	0.322223405951	0.322223405951	0.322223405951	0.322223405951	0.322223405951	0.322223405951	0.322223405951	0.322223405951	0.322223405951
GO:0000160	phosphorelay signal transduction system	P	140	6	8	0.322223405951	0.322223405951	0.322223405951	0.322223405951	1.77647126189e-13	0.322223405951	1.77647126189e-13	0.322223405951	0.322223405951	3.77193177738e-26	0.322223405951	0.322223405951	0.322223405951	0.322223405951	0.322223405951	0.322223405951
GO:0019538	protein metabolic process	P	2586	19	25	0.322223405951	0.322223405951	0.322223405951	0.322223405951	0.322223405951	0.322223405951	0.322223405951	0.322223405951	0.322223405951	0.322223405951	0.322223405951	0.322223405951	0.322223405951	0.322223405951	0.322223405951	0.322223405951
GO:0006605	protein targeting	P	910	8	11	0.322223405951	0.322223405951	3.26468195294e-06	0.322223405951	0.322223405951	0.322223405951	9.18935270461e-06	0.322223405951	0.322223405951	0.322223405951	0.322223405951	0.322223405951	0.322223405951	0.322223405951	0.322223405951	0.322223405951
GO:0009913	epidermal cell differentiation	P	520	6	8	0.322223405951	0.322223405951	0.322223405951	0.322223405951	3.46634232891e-15	0.322223405951	2.57342139324e-11	0.322223405951	0.322223405951	3.77193177738e-26	0.322223405951	0.322223405951	0.322223405951	0.322223405951	0.322223405951	0.322223405951
GO:0031347	regulation of defense response	P	572	13	16	0.322223405951	0.322223405951	5.01821229023e-11	0.322223405951	0.322223405951	0.322223405951	1.454167565e-10	0.322223405951	0.322223405951	0.322223405951	0.322223405951	0.322223405951	0.322223405951	0.322223405951	0.322223405951	0.322223405951
GO:0010629	negative regulation of gene expression	P	421	8	11	0.322223405951	0.322223405951	0.322223405951	0.322223405951	0.322223405951	0.322223405951	0.322223405951	0.322223405951	0.322223405951	0.322223405951	0.322223405951	0.322223405951	0.322223405951	0.322223405951	0.322223405951	0.322223405951
GO:0010628	positive regulation of gene expression	P	309	10	13	0.322223405951	0.322223405951	7.21193074571e-12	0.322223405951	1.6427042064e-25	0.0237784661239	4.06912904561e-09	0.322223405951	0.322223405951	0.0237784661239	0.0	0.322223405951	0.322223405951	0.322223405951	0.322223405951	0.322223405951
GO:0044763	single-organism cellular process	P	4805	324	294	0.322223405951	0.322223405951	0.0128176754006	0.322223405951	3.21029382065e-52	0.00126907557927	9.95046946168e-33	1.18285932737e-17	0.0831989669294	1.70353427841e-59	0.0	0.0443151771535	0.322223405951	3.32025688665e-24	0.322223405951	0.322223405951
GO:0071396	cellular response to lipid	P	330	15	15	0.322223405951	0.322223405951	4.79352155652e-13	0.322223405951	2.77150137437e-26	0.322223405951	0.526696576174	1.90769611887e-05	0.322223405951	4.24879640465e-32	0.322223405951	0.322223405951	0.322223405951	0.322223405951	0.322223405951	0.322223405951
GO:0071395	cellular response to jasmonic acid stimulus	P	324	5	9	0.322223405951	0.322223405951	0.322223405951	0.322223405951	0.322223405951	0.322223405951	0.322223405951	0.322223405951	0.322223405951	0.322223405951	0.322223405951	0.322223405951	0.322223405951	0.322223405951	0.322223405951	0.322223405951
GO:0006811	ion transport	P	936	8	12	0.322223405951	0.322223405951	0.322223405951	0.322223405951	0.322223405951	0.322223405951	0.322223405951	0.322223405951	0.322223405951	0.322223405951	0.322223405951	0.322223405951	0.322223405951	0.322223405951	0.322223405951	0.322223405951
GO:0006810	transport	P	2383	42	54	0.322223405951	0.322223405951	8.93841213023e-07	0.322223405951	0.322223405951	0.322223405951	5.38617859199e-06	0.322223405951	0.322223405951	0.322223405951	0.322223405951	0.322223405951	0.322223405951	0.322223405951	0.322223405951	0.322223405951
GO:0003824	catalytic activity	M	4306	5	6	0.322223405951	0.322223405951	0.322223405951	0.322223405951	0.322223405951	0.322223405951	0.322223405951	0.322223405951	0.322223405951	0.322223405951	0.322223405951	0.322223405951	0.322223405951	0.322223405951	0.322223405951	0.322223405951
GO:0006950	response to stress	P	2792	199	172	0.322223405951	0.322223405951	1.39989125375e-17	0.322223405951	2.98028653341e-51	0.00634658975587	5.63272388203e-29	4.05356893897e-20	0.322223405951	3.92061737454e-58	0.0	0.0127683316054	0.322223405951	2.0809436725e-37	0.322223405951	0.322223405951
GO:0010154	fruit development	P	606	9	13	0.322223405951	0.322223405951	0.0831989669294	0.322223405951	1.9285088627e-18	0.322223405951	1.2679167699e-17	0.159386051975	0.322223405951	2.71690605285e-43	0.322223405951	0.322223405951	0.322223405951	0.322223405951	0.322223405951	0.322223405951
GO:0071705	nitrogen compound transport	P	648	6	10	0.322223405951	0.322223405951	0.322223405951	0.322223405951	0.322223405951	0.322223405951	0.322223405951	0.322223405951	0.322223405951	0.322223405951	0.322223405951	0.322223405951	0.322223405951	0.322223405951	0.322223405951	0.322223405951
GO:0071702	organic substance transport	P	1466	13	17	0.322223405951	0.322223405951	5.30686004402e-10	0.322223405951	0.322223405951	0.322223405951	9.87075227189e-09	0.322223405951	0.322223405951	0.322223405951	0.322223405951	0.322223405951	0.322223405951	0.322223405951	0.322223405951	0.322223405951
GO:0080135	regulation of cellular response to stress	P	441	12	15	0.322223405951	0.322223405951	4.36714420443e-11	0.322223405951	0.322223405951	0.322223405951	3.38266280371e-09	0.322223405951	0.322223405951	0.322223405951	0.322223405951	0.322223405951	0.322223405951	0.322223405951	0.322223405951	0.322223405951
GO:0061025	membrane fusion	P	302	4	6	0.322223405951	0.322223405951	0.0237784661239	0.322223405951	0.322223405951	0.322223405951	0.0237784661239	0.322223405951	0.322223405951	0.322223405951	0.322223405951	0.322223405951	0.322223405951	0.322223405951	0.322223405951	0.322223405951
GO:0061024	membrane organization	P	534	5	7	0.322223405951	0.322223405951	0.00013234126807	0.322223405951	0.322223405951	0.322223405951	0.00013234126807	0.322223405951	0.322223405951	0.322223405951	0.322223405951	0.322223405951	0.322223405951	0.322223405951	0.322223405951	0.322223405951
GO:0031981	nuclear lumen	C	394	5	5	0.322223405951	0.322223405951	0.0443151771535	0.322223405951	2.5908549016e-14	0.00013234126807	0.0443151771535	0.322223405951	0.322223405951	0.00013234126807	1.35589531974e-31	0.0237784661239	0.322223405951	0.322223405951	0.322223405951	0.322223405951
GO:0042742	defense response to bacterium	P	477	5	8	0.322223405951	0.322223405951	0.0831989669294	0.322223405951	0.322223405951	0.322223405951	0.0831989669294	0.322223405951	0.322223405951	0.322223405951	0.322223405951	0.322223405951	0.322223405951	0.322223405951	0.322223405951	0.322223405951
GO:0009791	post-embryonic development	P	1535	81	54	0.322223405951	0.322223405951	4.15165055829e-08	0.322223405951	2.81792006169e-40	2.46878440217e-14	1.79287357529e-37	8.29004663527e-21	7.75182336878e-05	1.19917505037e-37	9.7348557306e-91	1.06345193929e-09	1.8770012312e-07	1.11745557695e-05	0.0324477786167	0.322223405951
GO:0009790	embryo development	P	521	7	8	0.322223405951	0.322223405951	6.54588810556e-05	0.322223405951	1.74471504203e-15	0.322223405951	1.85484703098e-12	0.0237784661239	0.322223405951	3.77193177738e-26	0.322223405951	0.322223405951	0.322223405951	0.322223405951	0.322223405951	0.322223405951
GO:0009793	embryo development ending in seed dormancy	P	473	6	7	0.322223405951	0.322223405951	1.52037937576e-05	0.322223405951	2.18082335006e-14	0.322223405951	6.04248905408e-12	0.0237784661239	0.322223405951	3.32025688665e-24	0.322223405951	0.322223405951	0.322223405951	0.159386051975	0.322223405951	0.322223405951
GO:0060548	negative regulation of cell death	P	263	4	5	0.322223405951	0.322223405951	1.13044874977e-07	0.322223405951	0.322223405951	0.322223405951	1.13044874977e-07	0.322223405951	0.322223405951	0.322223405951	0.322223405951	0.322223405951	0.322223405951	0.322223405951	0.322223405951	0.322223405951
GO:0046483	heterocycle metabolic process	P	2438	16	20	0.322223405951	0.322223405951	0.322223405951	0.322223405951	3.01650874337e-33	0.322223405951	0.322223405951	0.322223405951	0.322223405951	0.322223405951	0.322223405951	0.322223405951	0.322223405951	0.322223405951	0.322223405951	0.322223405951
GO:0044428	nuclear part	C	478	6	7	0.322223405951	0.322223405951	0.00100132738394	0.322223405951	1.77702704805e-15	0.00013234126807	0.00100132738394	0.322223405951	0.322223405951	0.00013234126807	0.0	0.0831989669294	0.322223405951	0.322223405951	0.322223405951	0.322223405951
GO:0044425	membrane part	C	934	5	6	0.322223405951	0.322223405951	0.322223405951	0.322223405951	0.322223405951	0.322223405951	0.322223405951	0.322223405951	0.322223405951	0.322223405951	0.322223405951	0.322223405951	0.322223405951	0.322223405951	0.322223405951	0.322223405951
GO:0044422	organelle part	C	2199	15	17	0.322223405951	0.322223405951	6.4021217858e-07	0.322223405951	4.17700373469e-27	0.0443151771535	0.00362122850431	0.0443151771535	0.322223405951	1.44833657062e-16	0.0	0.322223405951	0.322223405951	0.322223405951	0.322223405951	0.322223405951
GO:0009893	positive regulation of metabolic process	P	469	15	19	0.322223405951	0.322223405951	1.53983219504e-08	0.322223405951	2.29575565769e-28	0.159386051975	0.000479942221349	0.0831989669294	0.322223405951	0.159386051975	0.0	0.322223405951	0.322223405951	0.322223405951	0.322223405951	0.322223405951
GO:0009890	negative regulation of biosynthetic process	P	324	7	9	0.322223405951	0.322223405951	0.322223405951	0.322223405951	0.322223405951	0.322223405951	0.322223405951	0.322223405951	0.322223405951	0.322223405951	0.322223405951	0.322223405951	0.322223405951	0.322223405951	0.322223405951	0.322223405951
GO:0009891	positive regulation of biosynthetic process	P	456	13	17	0.322223405951	0.322223405951	8.29873136687e-10	0.322223405951	1.52892598824e-25	0.0443151771535	6.77501349114e-06	0.159386051975	0.322223405951	0.0443151771535	0.0	0.322223405951	0.322223405951	0.322223405951	0.322223405951	0.322223405951
GO:0033036	macromolecule localization	P	1259	15	20	0.322223405951	0.322223405951	1.84748120821e-07	0.322223405951	0.322223405951	0.322223405951	9.18124951302e-07	0.322223405951	0.322223405951	0.322223405951	0.322223405951	0.322223405951	0.322223405951	0.322223405951	0.322223405951	0.322223405951
GO:0050896	response to stimulus	P	4098	351	292	0.322223405951	0.322223405951	8.76931359498e-16	0.322223405951	4.06253224109e-54	0.00341089118295	5.19218651124e-27	2.97717841034e-23	0.322223405951	3.72529972974e-63	0.0	0.00363470385034	0.322223405951	1.04032952211e-51	0.322223405951	0.322223405951
GO:0009409	response to cold	P	570	16	21	0.322223405951	0.322223405951	0.0443151771535	0.322223405951	3.80785543253e-29	0.322223405951	1.91281913579e-25	0.0831989669294	0.322223405951	0.0	0.322223405951	0.322223405951	0.322223405951	0.322223405951	0.322223405951	0.322223405951
GO:0005515	protein binding	M	1728	76	68	0.322223405951	0.322223405951	1.24534338247e-18	0.322223405951	7.98053208312e-38	1.03152355182e-07	4.70990596379e-34	8.3820197171e-13	0.159386051975	1.10969348042e-39	8.03737000881e-105	1.30845127355e-05	0.0333788062508	0.159386051975	0.322223405951	0.322223405951
GO:0006996	organelle organization	P	1728	23	29	0.322223405951	0.322223405951	0.322223405951	0.322223405951	0.322223405951	0.322223405951	0.322223405951	0.322223405951	0.322223405951	0.322223405951	0.322223405951	0.322223405951	0.322223405951	0.322223405951	0.322223405951	0.322223405951
GO:0003006	developmental process involved in reproduction	P	1498	71	49	0.322223405951	0.322223405951	1.52189504628e-09	0.322223405951	1.28526485579e-34	5.32537174015e-17	5.63502208318e-33	1.84599014739e-15	2.73638410965e-05	2.60159500647e-35	3.96479287957e-84	3.24343915935e-08	1.08723021932e-07	9.60205066658e-07	0.00205179402418	0.159386051975
GO:0021700	developmental maturation	P	442	4	7	0.322223405951	0.322223405951	0.322223405951	0.322223405951	0.322223405951	0.322223405951	0.322223405951	0.322223405951	0.322223405951	0.322223405951	0.322223405951	0.322223405951	0.322223405951	0.322223405951	0.322223405951	0.322223405951
GO:0044446	intracellular organelle part	C	2191	15	17	0.322223405951	0.322223405951	8.29873136687e-10	0.322223405951	5.66100934772e-28	0.0443151771535	0.00737056939702	0.322223405951	0.322223405951	9.72717212439e-16	0.0	0.322223405951	0.322223405951	0.322223405951	0.322223405951	0.322223405951
GO:0009617	response to bacterium	P	582	7	12	0.322223405951	0.322223405951	0.0127683316054	0.322223405951	0.322223405951	0.322223405951	0.0127683316054	0.322223405951	0.322223405951	0.322223405951	0.322223405951	0.322223405951	0.322223405951	0.322223405951	0.322223405951	0.322223405951
GO:0009873	ethylene mediated signaling pathway	P	125	6	8	0.322223405951	0.322223405951	0.322223405951	0.322223405951	2.36536074866e-15	0.322223405951	2.36536074866e-15	0.322223405951	0.322223405951	3.32025688665e-24	0.322223405951	0.322223405951	0.322223405951	0.322223405951	0.322223405951	0.322223405951
GO:1901698	response to nitrogen compound	P	577	19	23	0.322223405951	0.322223405951	0.598045477616	0.322223405951	2.28522945091e-14	0.159386051975	2.10349695988e-11	0.0127683316054	0.322223405951	5.51921505883e-36	0.0	0.159386051975	0.322223405951	0.322223405951	0.322223405951	0.322223405951
GO:0006082	organic acid metabolic process	P	1646	33	37	0.322223405951	0.322223405951	2.58066390888e-10	0.322223405951	4.98523542093e-25	0.322223405951	0.176691180835	0.000432446749279	0.322223405951	1.97996276415e-49	0.322223405951	0.322223405951	0.322223405951	0.322223405951	0.322223405951	0.322223405951
GO:0031328	positive regulation of cellular biosynthetic process	P	456	13	17	0.322223405951	0.322223405951	2.57342139324e-11	0.322223405951	4.16883090054e-27	0.322223405951	7.06543156578e-07	0.322223405951	0.322223405951	0.322223405951	2.71690605285e-43	0.322223405951	0.322223405951	0.322223405951	0.322223405951	0.322223405951
GO:0031327	negative regulation of cellular biosynthetic process	P	323	7	9	0.322223405951	0.322223405951	0.322223405951	0.322223405951	0.322223405951	0.322223405951	0.322223405951	0.322223405951	0.322223405951	0.322223405951	0.322223405951	0.322223405951	0.322223405951	0.322223405951	0.322223405951	0.322223405951
GO:0031326	regulation of cellular biosynthetic process	P	1285	217	161	0.322223405951	0.322223405951	6.61632403564e-40	0.322223405951	3.63849504637e-58	6.60534910835e-11	9.16292651624e-54	2.86147098267e-25	0.0333788062508	4.59603004356e-55	1.43069106241e-121	2.96670997269e-07	0.0193301128275	9.40869335427e-52	0.322223405951	0.322223405951
GO:0031325	positive regulation of cellular metabolic process	P	466	15	19	0.322223405951	0.322223405951	6.77501349114e-06	0.322223405951	8.64957998345e-27	0.322223405951	0.0193301128275	0.0831989669294	0.322223405951	0.322223405951	0.0	0.322223405951	0.322223405951	0.322223405951	0.322223405951	0.322223405951
GO:0031324	negative regulation of cellular metabolic process	P	363	7	9	0.322223405951	0.322223405951	0.322223405951	0.322223405951	0.322223405951	0.322223405951	0.322223405951	0.322223405951	0.322223405951	0.322223405951	0.322223405951	0.322223405951	0.322223405951	0.322223405951	0.322223405951	0.322223405951
GO:0031323	regulation of cellular metabolic process	P	1578	270	206	0.322223405951	0.322223405951	1.12666853674e-36	0.322223405951	1.37192046856e-60	1.39576490746e-08	6.49966199177e-55	1.30908996124e-26	0.0237784661239	4.1110287821e-58	4.29512793851e-111	6.63833466928e-08	0.00191735286375	2.91555623389e-53	0.322223405951	0.322223405951
GO:0010941	regulation of cell death	P	457	13	17	0.322223405951	0.322223405951	5.2403127867e-12	0.322223405951	0.322223405951	0.322223405951	7.16254980663e-09	0.322223405951	0.322223405951	0.322223405951	0.322223405951	0.322223405951	0.322223405951	0.322223405951	0.322223405951	0.322223405951
GO:0048438	floral whorl development	P	365	30	14	0.322223405951	0.322223405951	3.67010867305e-16	0.322223405951	8.52432954596e-30	1.95556508218e-23	1.19891733498e-22	8.08168813986e-09	0.159386051975	2.3351342615e-10	8.61644028872e-68	1.17089664619e-13	8.90118534375e-14	1.30845127355e-05	5.5333641783e-05	0.0831989669294
GO:0005576	extracellular region	C	1086	10	11	0.322223405951	0.322223405951	0.322223405951	0.322223405951	0.322223405951	0.322223405951	0.322223405951	0.322223405951	0.322223405951	0.322223405951	0.322223405951	0.322223405951	0.322223405951	0.322223405951	0.322223405951	0.322223405951
GO:0002252	immune effector process	P	271	9	9	0.322223405951	0.322223405951	0.0168362991571	0.322223405951	1.70110637692e-18	0.00683340014957	6.2334614098e-12	0.0127683316054	0.322223405951	1.51623756864e-27	0.0	0.0443151771535	0.322223405951	0.159386051975	0.322223405951	0.322223405951
GO:2000377	regulation of reactive oxygen species metabolic process	P	243	6	10	0.322223405951	0.322223405951	0.322223405951	0.322223405951	0.322223405951	0.322223405951	0.322223405951	0.322223405951	0.322223405951	0.322223405951	0.322223405951	0.322223405951	0.322223405951	0.322223405951	0.322223405951	0.322223405951
GO:0033205	cell cycle cytokinesis	P	209	7	8	0.322223405951	0.322223405951	0.322223405951	0.322223405951	0.322223405951	0.322223405951	0.322223405951	0.322223405951	0.322223405951	0.322223405951	0.322223405951	0.322223405951	0.322223405951	0.322223405951	0.322223405951	0.322223405951
GO:0008104	protein localization	P	1061	9	12	0.322223405951	0.322223405951	1.0898611615e-06	0.322223405951	0.322223405951	0.322223405951	3.35648852309e-06	0.322223405951	0.322223405951	0.322223405951	0.322223405951	0.322223405951	0.322223405951	0.322223405951	0.322223405951	0.322223405951
GO:0044248	cellular catabolic process	P	1207	6	9	0.322223405951	0.322223405951	0.322223405951	0.322223405951	2.86054627588e-23	0.322223405951	0.322223405951	0.322223405951	0.322223405951	0.322223405951	0.322223405951	0.322223405951	0.322223405951	0.322223405951	0.322223405951	0.322223405951
GO:0006944	cellular membrane fusion	P	302	4	6	0.322223405951	0.322223405951	0.00100132738394	0.322223405951	0.322223405951	0.322223405951	0.00100132738394	0.322223405951	0.322223405951	0.322223405951	0.322223405951	0.322223405951	0.322223405951	0.322223405951	0.322223405951	0.322223405951
GO:0009651	response to salt stress	P	807	23	23	0.322223405951	0.322223405951	1.08898627088e-06	0.322223405951	1.33461530161e-28	0.159386051975	2.42879029666e-19	9.25390775195e-07	0.322223405951	4.56917816706e-39	0.0	0.322223405951	0.322223405951	0.322223405951	0.322223405951	0.322223405951
GO:0044262	cellular carbohydrate metabolic process	P	651	7	10	0.322223405951	0.322223405951	0.00013234126807	0.322223405951	0.322223405951	0.322223405951	0.00013234126807	0.322223405951	0.322223405951	0.322223405951	0.322223405951	0.322223405951	0.322223405951	0.322223405951	0.322223405951	0.322223405951
GO:0007049	cell cycle	P	604	8	9	0.322223405951	0.322223405951	0.322223405951	0.322223405951	0.322223405951	0.322223405951	0.322223405951	0.322223405951	0.322223405951	0.322223405951	0.322223405951	0.322223405951	0.322223405951	0.322223405951	0.322223405951	0.322223405951
GO:0006952	defense response	P	1116	37	41	0.322223405951	0.322223405951	0.0645720731656	0.322223405951	2.64444446981e-31	0.0275225781496	4.56071332544e-20	1.37845035437e-07	0.322223405951	5.47183728857e-37	0.0	0.322223405951	0.322223405951	0.322223405951	0.322223405951	0.322223405951
GO:0006955	immune response	P	779	14	18	0.322223405951	0.322223405951	0.322223405951	0.322223405951	4.13046396851e-30	0.322223405951	3.32025688665e-24	0.322223405951	0.322223405951	0.0	0.322223405951	0.322223405951	0.322223405951	0.322223405951	0.322223405951	0.322223405951
GO:0051253	negative regulation of RNA metabolic process	P	301	7	9	0.322223405951	0.322223405951	0.322223405951	0.322223405951	0.322223405951	0.322223405951	0.322223405951	0.322223405951	0.322223405951	0.322223405951	0.322223405951	0.322223405951	0.322223405951	0.322223405951	0.322223405951	0.322223405951
GO:0051252	regulation of RNA metabolic process	P	1060	163	122	0.322223405951	0.322223405951	1.93089857542e-42	0.322223405951	1.61275207227e-55	8.75501033615e-12	1.85072648625e-51	3.0883565415e-23	0.0831989669294	8.07412470635e-47	6.69432970471e-111	2.73959927687e-08	0.00013234126807	2.71690605285e-43	0.159386051975	0.322223405951
GO:0051254	positive regulation of RNA metabolic process	P	308	10	13	0.322223405951	0.322223405951	2.72839915043e-07	0.322223405951	5.90473455409e-24	0.0443151771535	0.0142153428833	0.159386051975	0.322223405951	0.0443151771535	0.0	0.322223405951	0.322223405951	0.322223405951	0.322223405951	0.322223405951
GO:0071310	cellular response to organic substance	P	1040	43	48	0.322223405951	0.322223405951	0.0103720430015	0.322223405951	2.81212750723e-31	0.0193301128275	6.40493924212e-27	0.000192079645473	0.322223405951	9.09625869093e-42	0.0	0.322223405951	0.322223405951	0.322223405951	0.322223405951	0.322223405951
GO:0051649	establishment of localization in cell	P	1370	19	25	0.322223405951	0.322223405951	9.75636300251e-08	0.322223405951	0.322223405951	0.322223405951	2.47216113228e-08	0.322223405951	0.322223405951	0.322223405951	0.322223405951	0.322223405951	0.322223405951	0.322223405951	0.322223405951	0.322223405951
GO:0051641	cellular localization	P	1414	19	25	0.322223405951	0.322223405951	2.82640874111e-06	0.322223405951	0.322223405951	0.322223405951	4.72587509953e-06	0.322223405951	0.322223405951	0.322223405951	0.322223405951	0.322223405951	0.322223405951	0.322223405951	0.322223405951	0.322223405951
GO:0030154	cell differentiation	P	933	20	21	0.322223405951	0.322223405951	4.93949223962e-11	0.322223405951	2.88952954391e-23	1.60649887364e-06	4.00706724057e-17	0.0237784661239	0.322223405951	4.52282401392e-16	1.45140628753e-65	0.018040323892	0.322223405951	0.322223405951	0.322223405951	0.322223405951
GO:0044249	cellular biosynthetic process	P	3250	118	102	0.322223405951	0.322223405951	6.88718055933e-17	0.322223405951	1.48795763415e-35	0.0443151771535	0.00315985797849	1.77174835681e-09	0.322223405951	2.23041411413e-48	0.0	0.159386051975	0.322223405951	0.209120781705	0.322223405951	0.322223405951
GO:0009653	anatomical structure morphogenesis	P	1334	33	39	0.322223405951	0.322223405951	1.01109820787e-17	0.322223405951	1.55689884795e-30	0.00193914672158	1.76897779769e-26	0.00191735286375	0.322223405951	4.84631013653e-24	2.8313699271e-85	0.159386051975	0.322223405951	0.322223405951	0.322223405951	0.322223405951
