GO:0050832	defense response to fungus	P	417	4	6	0.322223405951	0.322223405951	0.322223405951	0.322223405951	0.322223405951	0.322223405951	0.322223405951	0.322223405951	0.322223405951	0.322223405951	0.322223405951	0.322223405951	0.322223405951	0.322223405951	0.322223405951	0.322223405951
GO:0050789	regulation of biological process	P	3171	248	202	0.322223405951	0.322223405951	1.34816709172e-29	0.322223405951	2.12703604106e-53	1.22872174391e-07	9.80405547219e-49	2.23906469896e-22	0.0110575854028	3.67167206447e-54	3.06481049238e-118	0.0011542851914	0.159386051975	0.0099491525424	0.322223405951	0.322223405951
GO:0006629	lipid metabolic process	P	1315	10	13	0.322223405951	0.322223405951	0.322223405951	0.322223405951	0.322223405951	0.322223405951	0.322223405951	0.322223405951	0.322223405951	0.322223405951	0.322223405951	0.322223405951	0.322223405951	0.322223405951	0.322223405951	0.322223405951
GO:0006970	response to osmotic stress	P	840	14	18	0.322223405951	0.322223405951	0.00013234126807	0.322223405951	1.91131008657e-17	0.322223405951	1.53202838478e-11	0.0831989669294	0.322223405951	1.35589531974e-31	0.322223405951	0.322223405951	0.322223405951	0.322223405951	0.322223405951	0.322223405951
GO:0006972	hyperosmotic response	P	289	6	7	0.322223405951	0.322223405951	6.54588810556e-05	0.322223405951	1.02302677594e-11	0.322223405951	9.95454748274e-11	0.0237784661239	0.322223405951	3.90677611473e-21	0.322223405951	0.322223405951	0.322223405951	0.159386051975	0.322223405951	0.322223405951
GO:0044710	single-organism metabolic process	P	3180	56	63	0.322223405951	0.322223405951	4.35826312322e-13	0.322223405951	2.00936985337e-34	0.322223405951	0.000844635779964	5.58946639858e-07	0.322223405951	0.0	0.322223405951	0.322223405951	0.322223405951	0.322223405951	0.322223405951	0.322223405951
GO:0044711	single-organism biosynthetic process	P	1460	17	22	0.322223405951	0.322223405951	0.00363470385034	0.322223405951	0.322223405951	0.322223405951	0.00549071575941	0.322223405951	0.322223405951	0.322223405951	0.322223405951	0.322223405951	0.322223405951	0.322223405951	0.322223405951	0.322223405951
GO:0042545	cell wall modification	P	334	5	7	0.322223405951	0.322223405951	0.000263427746826	0.322223405951	0.322223405951	0.322223405951	0.000263427746826	0.322223405951	0.322223405951	0.322223405951	0.322223405951	0.322223405951	0.322223405951	0.322223405951	0.322223405951	0.322223405951
GO:0009814	defense response, incompatible interaction	P	613	6	8	0.322223405951	0.322223405951	0.322223405951	0.322223405951	0.322223405951	0.322223405951	0.322223405951	0.322223405951	0.322223405951	0.322223405951	0.322223405951	0.322223405951	0.322223405951	0.322223405951	0.322223405951	0.322223405951
GO:0070887	cellular response to chemical stimulus	P	1170	29	35	0.322223405951	0.322223405951	3.18357195807e-05	0.322223405951	3.90884021553e-28	0.322223405951	1.04437778934e-12	0.159386051975	0.322223405951	6.51038139831e-36	0.322223405951	0.322223405951	0.322223405951	0.322223405951	0.322223405951	0.322223405951
GO:0048731	system development	P	1958	68	46	0.322223405951	0.322223405951	2.52412405494e-05	0.322223405951	3.40870900049e-39	1.14427715198e-19	2.40531943626e-34	7.27958626145e-23	2.90562125783e-05	6.15137679572e-37	7.5373620269e-79	8.32622634934e-09	1.49493462349e-09	6.26375132132e-11	0.00110736576853	0.322223405951
GO:1901362	organic cyclic compound biosynthetic process	P	1374	9	10	0.322223405951	0.322223405951	1.13044874977e-07	0.322223405951	1.08021509694e-26	0.322223405951	1.60649887364e-06	0.00683340014957	0.322223405951	0.322223405951	0.322223405951	0.322223405951	0.322223405951	0.322223405951	0.322223405951	0.322223405951
GO:1901363	heterocyclic compound binding	M	2905	236	179	0.322223405951	0.322223405951	4.16053166045e-19	0.322223405951	2.28920821874e-52	7.55079361278e-06	5.0449790327e-41	4.87535159685e-27	0.0579656115364	3.02629166133e-52	2.00819110197e-120	2.72910795787e-05	0.0237784661239	0.0579656115364	0.322223405951	0.322223405951
GO:1901360	organic cyclic compound metabolic process	P	2847	13	16	0.322223405951	0.322223405951	3.18357195807e-05	0.322223405951	6.8906604395e-26	0.322223405951	0.00031107802347	0.0127683316054	0.322223405951	0.322223405951	0.322223405951	0.322223405951	0.322223405951	0.322223405951	0.322223405951	0.322223405951
GO:0043436	oxoacid metabolic process	P	1645	23	29	0.322223405951	0.322223405951	6.54588810556e-05	0.322223405951	0.322223405951	0.322223405951	0.000229544386933	0.322223405951	0.322223405951	0.322223405951	0.322223405951	0.322223405951	0.322223405951	0.322223405951	0.322223405951	0.322223405951
GO:0003676	nucleic acid binding	M	1234	116	87	0.322223405951	0.322223405951	7.02986186466e-24	0.322223405951	1.69610515344e-47	1.45574771317e-11	4.90219436912e-41	8.28796813886e-21	0.00683340014957	5.21917420373e-44	1.74360667966e-113	3.74759998957e-07	0.00363470385034	0.0099491525424	0.322223405951	0.322223405951
GO:0003677	DNA binding	M	660	77	55	0.322223405951	0.322223405951	3.50883290973e-24	0.322223405951	4.82370200935e-39	3.31570241704e-13	2.54449735935e-34	1.1161929272e-15	0.0127683316054	1.52265970863e-14	1.76847892662e-79	1.3075377939e-09	1.18332211269e-05	0.00363470385034	0.0831989669294	0.322223405951
GO:0097159	organic cyclic compound binding	M	2911	236	179	0.322223405951	0.322223405951	2.99892115764e-20	0.322223405951	4.66097312546e-53	4.34684391446e-06	1.15896115608e-39	1.80575590436e-24	0.0579656115364	3.21508186599e-59	0.0	0.00117392224299	0.159386051975	0.00602628761674	0.322223405951	0.322223405951
GO:0043412	macromolecule modification	P	1864	7	10	0.322223405951	0.322223405951	0.322223405951	0.322223405951	0.322223405951	0.322223405951	0.322223405951	0.322223405951	0.322223405951	0.322223405951	0.322223405951	0.322223405951	0.322223405951	0.322223405951	0.322223405951	0.322223405951
GO:0048869	cellular developmental process	P	1096	14	12	0.322223405951	0.322223405951	7.41037912788e-09	0.322223405951	1.84433969515e-20	5.1201566461e-07	3.04892250918e-14	0.0127683316054	0.322223405951	1.64026807869e-12	1.98845974227e-55	1.52037937576e-05	0.322223405951	0.322223405951	0.322223405951	0.322223405951
GO:0051234	establishment of localization	P	2452	21	26	0.322223405951	0.322223405951	0.0127683316054	0.322223405951	0.322223405951	0.322223405951	0.0262642054244	0.322223405951	0.322223405951	0.322223405951	0.322223405951	0.322223405951	0.322223405951	0.322223405951	0.322223405951	0.322223405951
GO:0061458	reproductive system development	P	1194	52	26	0.322223405951	0.322223405951	3.2264695759e-15	0.322223405951	3.7307165609e-31	2.92806931802e-21	1.66166070237e-31	5.2263857049e-18	0.00205179402418	8.47191688384e-34	2.35337961001e-71	5.81943442051e-12	6.0501677542e-11	2.78029855198e-12	4.38807660493e-07	0.159386051975
GO:0045935	positive regulation of nucleobase-containing compound metabolic process	P	311	4	6	0.322223405951	0.322223405951	0.322223405951	0.322223405951	1.35341502067e-15	0.322223405951	0.322223405951	0.322223405951	0.322223405951	0.322223405951	0.322223405951	0.322223405951	0.322223405951	0.322223405951	0.322223405951	0.322223405951
GO:0048513	organ development	P	1497	48	31	0.322223405951	0.322223405951	1.38980446463e-07	0.322223405951	2.64575498409e-34	3.38915514622e-18	6.26965820785e-31	2.43505930069e-15	0.000112302299792	7.53197335273e-24	5.44274797437e-72	8.29873136687e-10	1.45699385947e-08	6.88566808285e-06	0.00326923857164	0.322223405951
GO:0048518	positive regulation of biological process	P	821	10	15	0.322223405951	0.322223405951	0.0831989669294	0.322223405951	3.50251410762e-34	0.322223405951	0.0831989669294	0.322223405951	0.322223405951	0.322223405951	0.322223405951	0.322223405951	0.322223405951	0.322223405951	0.322223405951	0.322223405951
GO:0048519	negative regulation of biological process	P	1069	17	25	0.322223405951	0.322223405951	0.00683340014957	0.322223405951	0.322223405951	0.322223405951	0.00683340014957	0.322223405951	0.322223405951	0.322223405951	0.322223405951	0.322223405951	0.322223405951	0.322223405951	0.322223405951	0.322223405951
GO:0002376	immune system process	P	861	12	15	0.322223405951	0.322223405951	0.00683340014957	0.322223405951	1.54548958213e-24	0.322223405951	0.00683340014957	0.322223405951	0.322223405951	2.71690605285e-43	0.322223405951	0.322223405951	0.322223405951	0.322223405951	0.322223405951	0.322223405951
GO:0048646	anatomical structure formation involved in morphogenesis	P	1182	15	14	0.322223405951	0.322223405951	1.01658743563e-06	0.322223405951	8.65478821128e-24	8.4226547061e-06	1.26358477711e-22	0.00543628223952	0.322223405951	6.63973074083e-22	2.67599363671e-67	0.0127683316054	0.322223405951	0.322223405951	0.322223405951	0.322223405951
GO:0071495	cellular response to endogenous stimulus	P	684	18	23	0.322223405951	0.322223405951	0.322223405951	0.322223405951	6.03690975357e-19	0.322223405951	2.079548827e-14	0.322223405951	0.322223405951	2.71690605285e-43	0.322223405951	0.322223405951	0.322223405951	0.322223405951	0.322223405951	0.322223405951
GO:0035670	plant-type ovary development	P	158	17	10	0.322223405951	0.322223405951	4.22304108691e-07	0.322223405951	1.12178156428e-19	1.51004533465e-14	3.73388591168e-11	0.0443151771535	0.322223405951	3.01149749422e-07	3.67027163583e-50	3.5134618838e-08	0.00191735286375	0.322223405951	0.322223405951	0.322223405951
GO:0002682	regulation of immune system process	P	468	7	11	0.322223405951	0.322223405951	0.322223405951	0.322223405951	0.322223405951	0.322223405951	0.322223405951	0.322223405951	0.322223405951	0.322223405951	0.322223405951	0.322223405951	0.322223405951	0.322223405951	0.322223405951	0.322223405951
GO:0051707	response to other organism	P	1249	21	27	0.322223405951	0.322223405951	0.000432446749279	0.322223405951	8.6467381308e-20	0.322223405951	1.80576169295e-09	0.0443151771535	0.322223405951	0.0	0.322223405951	0.322223405951	0.322223405951	0.322223405951	0.322223405951	0.322223405951
GO:0051704	multi-organism process	P	1494	25	32	0.322223405951	0.322223405951	0.000112302299792	0.322223405951	4.07019680794e-17	0.322223405951	1.20371287309e-07	0.0127683316054	0.322223405951	2.71690605285e-43	0.322223405951	0.322223405951	0.322223405951	0.322223405951	0.322223405951	0.322223405951
GO:0071840	cellular component organization or biogenesis	P	2917	40	46	0.322223405951	0.322223405951	2.19770355719e-09	0.322223405951	0.322223405951	0.322223405951	8.78470789316e-10	0.322223405951	0.322223405951	0.322223405951	0.322223405951	0.322223405951	0.322223405951	0.322223405951	0.322223405951	0.322223405951
GO:0016053	organic acid biosynthetic process	P	1065	15	20	0.322223405951	0.322223405951	3.18357195807e-05	0.322223405951	0.322223405951	0.322223405951	6.12542170997e-05	0.322223405951	0.322223405951	0.322223405951	0.322223405951	0.322223405951	0.322223405951	0.322223405951	0.322223405951	0.322223405951
GO:0005634	nucleus	C	3650	295	221	0.322223405951	0.322223405951	1.7913544677e-20	0.322223405951	8.23921643428e-56	6.51685948315e-05	5.4221981231e-44	7.04658272242e-25	0.0443151771535	3.66176495718e-58	1.68227740691e-125	0.000352257086067	0.322223405951	0.0109257193342	0.322223405951	0.322223405951
GO:0006725	cellular aromatic compound metabolic process	P	2706	13	16	0.322223405951	0.322223405951	0.000516928494134	0.322223405951	2.32513209538e-26	0.322223405951	0.00215761613269	0.0443151771535	0.322223405951	0.322223405951	0.322223405951	0.322223405951	0.322223405951	0.322223405951	0.322223405951	0.322223405951
GO:0008270	zinc ion binding	M	620	6	10	0.322223405951	0.322223405951	0.322223405951	0.322223405951	1.78968172749e-21	0.322223405951	0.322223405951	0.322223405951	0.322223405951	0.322223405951	0.322223405951	0.322223405951	0.322223405951	0.322223405951	0.322223405951	0.322223405951
GO:0070727	cellular macromolecule localization	P	1023	4	7	0.322223405951	0.322223405951	0.322223405951	0.322223405951	0.322223405951	0.322223405951	0.322223405951	0.322223405951	0.322223405951	0.322223405951	0.322223405951	0.322223405951	0.322223405951	0.322223405951	0.322223405951	0.322223405951
GO:0045893	positive regulation of transcription, DNA-dependent	P	307	4	6	0.322223405951	0.322223405951	0.322223405951	0.322223405951	5.42762179352e-23	0.322223405951	0.322223405951	0.322223405951	0.322223405951	0.322223405951	0.322223405951	0.322223405951	0.322223405951	0.322223405951	0.322223405951	0.322223405951
GO:0006886	intracellular protein transport	P	989	4	7	0.322223405951	0.322223405951	0.322223405951	0.322223405951	0.322223405951	0.322223405951	0.322223405951	0.322223405951	0.322223405951	0.322223405951	0.322223405951	0.322223405951	0.322223405951	0.322223405951	0.322223405951	0.322223405951
GO:0045088	regulation of innate immune response	P	462	7	11	0.322223405951	0.322223405951	0.322223405951	0.322223405951	0.322223405951	0.322223405951	0.322223405951	0.322223405951	0.322223405951	0.322223405951	0.322223405951	0.322223405951	0.322223405951	0.322223405951	0.322223405951	0.322223405951
GO:0046983	protein dimerization activity	M	163	11	8	0.322223405951	0.322223405951	1.18332211269e-05	0.322223405951	2.80037484432e-20	1.28606673912e-11	1.18332211269e-05	0.322223405951	0.322223405951	1.28606673912e-11	5.01060004458e-55	1.30845127355e-05	0.322223405951	0.322223405951	0.322223405951	0.322223405951
GO:0042221	response to chemical stimulus	P	2683	125	112	0.322223405951	0.322223405951	1.35275687501e-20	0.322223405951	2.94066534891e-40	0.322223405951	1.44718601029e-08	5.94778058117e-16	0.322223405951	4.64018707116e-65	0.0	0.322223405951	0.322223405951	0.322223405951	0.322223405951	0.322223405951
GO:0003700	sequence-specific DNA binding transcription factor activity	M	461	66	44	0.322223405951	0.322223405951	1.81561023321e-29	0.322223405951	3.70341767273e-40	2.76847342339e-19	1.99069840906e-30	5.34424289133e-12	0.00100132738394	9.84898637249e-19	1.78258786547e-79	1.49935127476e-16	1.11745557695e-05	0.000516928494134	0.0109257193342	0.322223405951
GO:0010363	regulation of plant-type hypersensitive response	P	433	7	11	0.322223405951	0.322223405951	0.322223405951	0.322223405951	0.322223405951	0.322223405951	0.322223405951	0.322223405951	0.322223405951	0.322223405951	0.322223405951	0.322223405951	0.322223405951	0.322223405951	0.322223405951	0.322223405951
GO:0001071	nucleic acid binding transcription factor activity	M	461	66	44	0.322223405951	0.322223405951	1.8395313004e-28	0.322223405951	4.97422108322e-38	9.29872007724e-17	2.52415258971e-30	6.1248261109e-13	0.00683340014957	5.15009776805e-16	1.93372616843e-79	1.1904735593e-13	1.07647379715e-08	0.00683340014957	0.0110575854028	0.322223405951
GO:0071554	cell wall organization or biogenesis	P	850	6	9	0.322223405951	0.322223405951	7.11990363961e-06	0.322223405951	0.322223405951	0.322223405951	7.11990363961e-06	0.322223405951	0.322223405951	0.322223405951	0.322223405951	0.322223405951	0.322223405951	0.322223405951	0.322223405951	0.322223405951
GO:0010033	response to organic substance	P	2012	98	89	0.322223405951	0.322223405951	5.85499355075e-22	0.322223405951	1.64625141861e-39	0.322223405951	5.88209043211e-05	6.77632897779e-14	0.322223405951	0.0	0.0	0.322223405951	0.322223405951	0.322223405951	0.322223405951	0.322223405951
GO:0048481	ovule development	P	158	17	10	0.322223405951	0.322223405951	5.56121375907e-08	0.322223405951	1.29009757016e-18	6.56713743425e-19	1.25399137305e-13	0.0443151771535	0.322223405951	3.79303683246e-10	2.81838599757e-53	2.73622650434e-11	0.00203293346196	0.322223405951	0.322223405951	0.322223405951
GO:0043169	cation binding	M	1287	14	19	0.322223405951	0.322223405951	0.322223405951	0.322223405951	1.14118474797e-28	0.322223405951	1.46601424401e-22	0.322223405951	0.322223405951	0.0	0.322223405951	0.322223405951	0.322223405951	0.322223405951	0.322223405951	0.322223405951
GO:0032991	macromolecular complex	C	1164	4	5	0.322223405951	0.322223405951	0.322223405951	0.322223405951	0.322223405951	0.322223405951	0.322223405951	0.322223405951	0.322223405951	0.322223405951	0.322223405951	0.322223405951	0.322223405951	0.322223405951	0.322223405951	0.322223405951
GO:0009725	response to hormone stimulus	P	1172	47	51	0.322223405951	0.322223405951	1.92049304811e-13	0.322223405951	5.51813714909e-35	0.322223405951	0.000112962123412	0.00191735286375	0.322223405951	0.0	0.322223405951	0.322223405951	0.322223405951	0.322223405951	0.322223405951	0.322223405951
GO:0009723	response to ethylene stimulus	P	324	5	6	0.322223405951	0.322223405951	0.322223405951	0.322223405951	1.49213313591e-07	0.322223405951	0.000516928494134	0.322223405951	0.322223405951	3.90677611473e-21	0.322223405951	0.322223405951	0.322223405951	0.322223405951	0.322223405951	0.322223405951
GO:0019752	carboxylic acid metabolic process	P	1641	23	29	0.322223405951	0.322223405951	3.18357195807e-05	0.322223405951	0.322223405951	0.322223405951	5.83858505235e-05	0.322223405951	0.322223405951	0.322223405951	0.322223405951	0.322223405951	0.322223405951	0.322223405951	0.322223405951	0.322223405951
GO:0007154	cell communication	P	1523	48	55	0.322223405951	0.322223405951	6.35165340434e-09	0.322223405951	4.40470949555e-25	0.322223405951	3.96318692367e-16	0.000112302299792	0.322223405951	3.26717790477e-41	0.322223405951	0.322223405951	0.322223405951	0.322223405951	0.322223405951	0.322223405951
GO:0072330	monocarboxylic acid biosynthetic process	P	721	4	6	0.322223405951	0.322223405951	0.322223405951	0.322223405951	0.322223405951	0.322223405951	0.322223405951	0.322223405951	0.322223405951	0.322223405951	0.322223405951	0.322223405951	0.322223405951	0.322223405951	0.322223405951	0.322223405951
GO:0009266	response to temperature stimulus	P	839	19	24	0.322223405951	0.322223405951	0.00104064971613	0.322223405951	3.15475561408e-35	0.322223405951	0.00236711281524	0.0443151771535	0.322223405951	0.322223405951	0.322223405951	0.322223405951	0.322223405951	0.322223405951	0.322223405951	0.322223405951
GO:0048608	reproductive structure development	P	1194	52	26	0.322223405951	0.322223405951	1.08004651306e-15	0.322223405951	3.58491347884e-35	8.72733224435e-21	2.1805894691e-31	3.57287302504e-19	5.57108661587e-05	4.21911304903e-39	1.94308559794e-75	1.67122959393e-12	1.45699385947e-08	7.04471904222e-14	0.000141628702767	0.322223405951
GO:0022414	reproductive process	P	1648	54	30	0.322223405951	0.322223405951	1.57549024244e-07	0.322223405951	4.45815299939e-33	1.75891859527e-21	2.79805624107e-32	7.19038122941e-19	0.000629608348409	8.84782259933e-33	5.2396104714e-76	4.48413973492e-12	8.29873136687e-10	5.22233405944e-11	9.69805955527e-05	0.0831989669294
GO:0019222	regulation of metabolic process	P	1813	163	138	0.322223405951	0.322223405951	4.83427233718e-29	0.322223405951	8.50422150701e-46	3.28643150475e-10	4.67790853071e-43	1.56650864047e-17	0.0127683316054	7.30496483934e-45	1.14650936101e-95	3.34870699186e-07	0.0110575854028	0.00293981572717	0.0237784661239	0.322223405951
GO:0080090	regulation of primary metabolic process	P	1425	130	106	0.322223405951	0.322223405951	3.92196976211e-27	0.322223405951	9.34663932161e-43	1.64005626102e-12	3.71221381877e-40	7.56085333019e-19	0.0099491525424	6.0528447532e-43	1.70733817035e-89	1.65735344391e-08	0.0110575854028	0.000192079645473	0.322223405951	0.322223405951
GO:0048440	carpel development	P	188	17	10	0.322223405951	0.322223405951	4.37798019829e-08	0.322223405951	1.51642647773e-23	3.65331795961e-16	1.05407981952e-13	0.159386051975	0.322223405951	3.68284249089e-09	1.20048508803e-52	1.08088615786e-07	0.000335140847169	0.322223405951	0.322223405951	0.322223405951
GO:0009908	flower development	P	519	32	14	0.322223405951	0.322223405951	2.39031718862e-12	0.322223405951	5.67180318258e-27	8.42603085456e-26	3.72783840395e-22	4.78004867942e-07	0.000263427746826	7.99974847771e-09	4.87103272492e-59	1.51353059e-10	5.10453086742e-13	3.26468195294e-06	9.35623887308e-09	0.322223405951
GO:0006464	cellular protein modification process	P	1580	7	10	0.322223405951	0.322223405951	0.322223405951	0.322223405951	0.322223405951	0.322223405951	0.322223405951	0.322223405951	0.322223405951	0.322223405951	0.322223405951	0.322223405951	0.322223405951	0.322223405951	0.322223405951	0.322223405951
GO:0048856	anatomical structure development	P	2282	79	58	0.322223405951	0.322223405951	1.34631588468e-06	0.322223405951	1.71511391902e-35	3.93942914265e-15	1.29252263086e-30	4.51195673517e-22	7.7913803534e-05	4.05212137928e-35	3.22994063137e-84	4.42951495336e-08	4.38807660493e-07	2.48504780035e-05	0.0110575854028	0.322223405951
GO:0006807	nitrogen compound metabolic process	P	2692	6	8	0.322223405951	0.322223405951	0.322223405951	0.322223405951	0.322223405951	0.322223405951	0.322223405951	0.322223405951	0.322223405951	0.322223405951	0.322223405951	0.322223405951	0.322223405951	0.322223405951	0.322223405951	0.322223405951
GO:0048467	gynoecium development	P	197	17	10	0.322223405951	0.322223405951	4.54356771059e-08	0.322223405951	5.01641086766e-17	2.22859682164e-12	8.07454260337e-12	0.0443151771535	0.322223405951	4.24010259109e-06	1.13025706566e-39	5.42859659293e-09	0.000645270056554	0.322223405951	0.322223405951	0.322223405951
GO:0048468	cell development	P	684	8	7	0.322223405951	0.322223405951	0.0127683316054	0.322223405951	2.27908579721e-14	9.18935270461e-06	5.19619748768e-10	0.322223405951	0.322223405951	1.82790051094e-17	4.62407180058e-50	3.18357195807e-05	0.322223405951	0.322223405951	0.322223405951	0.322223405951
GO:0010243	response to organic nitrogen	P	425	7	8	0.322223405951	0.322223405951	0.322223405951	0.322223405951	2.34110611684e-06	0.322223405951	0.0237784661239	0.322223405951	0.322223405951	3.90677611473e-21	0.322223405951	0.322223405951	0.322223405951	0.322223405951	0.322223405951	0.322223405951
GO:0043170	macromolecule metabolic process	P	3845	49	52	0.322223405951	0.322223405951	4.0017281622e-11	0.322223405951	0.322223405951	0.322223405951	1.26489054794e-10	0.322223405951	0.322223405951	0.322223405951	0.322223405951	0.322223405951	0.322223405951	0.322223405951	0.322223405951	0.322223405951
GO:0046907	intracellular transport	P	1278	6	9	0.322223405951	0.322223405951	0.322223405951	0.322223405951	0.322223405951	0.322223405951	0.322223405951	0.322223405951	0.322223405951	0.322223405951	0.322223405951	0.322223405951	0.322223405951	0.322223405951	0.322223405951	0.322223405951
GO:0032502	developmental process	P	2645	93	75	0.322223405951	0.322223405951	2.08218333138e-16	0.322223405951	6.72410677089e-41	4.14181312407e-11	1.0862899972e-36	9.04649626073e-22	0.000112302299792	6.56305928042e-38	3.53832926577e-98	3.28021601983e-10	0.000102644043022	2.82640874111e-06	0.103000037411	0.322223405951
GO:0032501	multicellular organismal process	P	2608	89	68	0.322223405951	0.322223405951	3.36621011492e-12	0.322223405951	1.37357719366e-36	5.2946670362e-14	2.98123125771e-35	8.06603860628e-22	7.75182336878e-05	1.92594771925e-34	6.676337029e-81	1.11299547271e-09	8.84809982656e-07	1.16233853356e-06	0.00683340014957	0.322223405951
GO:0065007	biological regulation	P	3441	262	216	0.322223405951	0.322223405951	3.94419676412e-35	0.322223405951	3.75385427498e-58	1.22738439275e-07	5.91463874005e-54	1.38079507399e-23	0.0831989669294	1.73546234158e-57	3.55624490982e-125	0.00100132738394	0.159386051975	0.00634658975587	0.322223405951	0.322223405951
GO:0045229	external encapsulating structure organization	P	619	5	7	0.322223405951	0.322223405951	3.18357195807e-05	0.322223405951	0.322223405951	0.322223405951	3.18357195807e-05	0.322223405951	0.322223405951	0.322223405951	0.322223405951	0.322223405951	0.322223405951	0.322223405951	0.322223405951	0.322223405951
GO:0071555	cell wall organization	P	570	5	7	0.322223405951	0.322223405951	7.11990363961e-06	0.322223405951	0.322223405951	0.322223405951	7.11990363961e-06	0.322223405951	0.322223405951	0.322223405951	0.322223405951	0.322223405951	0.322223405951	0.322223405951	0.322223405951	0.322223405951
GO:0010468	regulation of gene expression	P	1220	117	94	0.322223405951	0.322223405951	2.41493635982e-28	0.322223405951	1.34627521907e-43	2.66573846791e-10	2.82397288782e-41	8.24152244433e-20	0.0831989669294	1.69239170864e-42	1.15721216808e-95	5.1802345049e-12	0.00055667604589	0.000152058738213	0.322223405951	0.322223405951
GO:0044281	small molecule metabolic process	P	2295	28	35	0.322223405951	0.322223405951	0.000337139941643	0.322223405951	2.0809436725e-37	0.322223405951	0.00234004666431	0.322223405951	0.322223405951	0.322223405951	0.322223405951	0.322223405951	0.322223405951	0.322223405951	0.322223405951	0.322223405951
GO:0044283	small molecule biosynthetic process	P	1289	17	22	0.322223405951	0.322223405951	6.54588810556e-05	0.322223405951	0.322223405951	0.322223405951	0.000195629748097	0.322223405951	0.322223405951	0.322223405951	0.322223405951	0.322223405951	0.322223405951	0.322223405951	0.322223405951	0.322223405951
GO:0097305	response to alcohol	P	606	21	23	0.322223405951	0.322223405951	4.06404696295e-08	0.322223405951	2.81748808418e-28	0.322223405951	0.91203727638	0.000516928494134	0.322223405951	0.0	0.322223405951	0.322223405951	0.322223405951	0.322223405951	0.322223405951	0.322223405951
GO:0097306	cellular response to alcohol	P	280	11	13	0.322223405951	0.322223405951	0.322223405951	0.322223405951	9.5557469323e-20	0.322223405951	6.08013631145e-16	0.322223405951	0.322223405951	6.51038139831e-36	0.322223405951	0.322223405951	0.322223405951	0.322223405951	0.322223405951	0.322223405951
GO:0009416	response to light stimulus	P	922	8	12	0.322223405951	0.322223405951	0.0237784661239	0.322223405951	0.322223405951	0.322223405951	0.0310373447094	0.322223405951	0.322223405951	0.322223405951	0.322223405951	0.322223405951	0.322223405951	0.322223405951	0.322223405951	0.322223405951
GO:0009414	response to water deprivation	P	367	7	9	0.322223405951	0.322223405951	0.322223405951	0.322223405951	5.49644462237e-09	0.322223405951	1.52037937576e-05	0.322223405951	0.322223405951	6.51038139831e-36	0.322223405951	0.322223405951	0.322223405951	0.322223405951	0.322223405951	0.322223405951
GO:0009415	response to water stimulus	P	370	7	9	0.322223405951	0.322223405951	0.322223405951	0.322223405951	2.1676174866e-08	0.322223405951	0.00013234126807	0.322223405951	0.322223405951	7.08019796347e-20	0.322223405951	0.322223405951	0.322223405951	0.322223405951	0.322223405951	0.322223405951
GO:0044765	single-organism transport	P	2187	18	24	0.322223405951	0.322223405951	0.322223405951	0.322223405951	0.322223405951	0.322223405951	0.322223405951	0.322223405951	0.322223405951	0.322223405951	0.322223405951	0.322223405951	0.322223405951	0.322223405951	0.322223405951	0.322223405951
GO:0009889	regulation of biosynthetic process	P	1289	122	102	0.322223405951	0.322223405951	1.14331809135e-31	0.322223405951	1.14201836274e-48	2.04504467351e-09	5.47861631344e-45	8.81812804586e-21	0.018040323892	1.4205260914e-43	3.46665204259e-101	1.46271161906e-09	0.00104064971613	0.00543628223952	0.322223405951	0.322223405951
GO:0009888	tissue development	P	907	19	16	0.322223405951	0.322223405951	4.31133696403e-05	0.322223405951	3.039168032e-23	2.60203153079e-06	8.08825509785e-12	3.88197299246e-05	0.322223405951	7.44985467021e-19	4.34378856081e-76	0.0099491525424	0.322223405951	0.322223405951	0.322223405951	0.322223405951
GO:0009628	response to abiotic stimulus	P	2169	57	60	0.322223405951	0.322223405951	3.46501165848e-09	0.322223405951	1.30996437176e-38	0.322223405951	0.000175874716436	0.0011542851914	0.322223405951	0.0	0.322223405951	0.322223405951	0.322223405951	0.322223405951	0.322223405951	0.322223405951
GO:0033554	cellular response to stress	P	1026	7	11	0.322223405951	0.322223405951	0.322223405951	0.322223405951	0.322223405951	0.322223405951	0.322223405951	0.322223405951	0.322223405951	0.322223405951	0.322223405951	0.322223405951	0.322223405951	0.322223405951	0.322223405951	0.322223405951
GO:0050776	regulation of immune response	P	466	7	11	0.322223405951	0.322223405951	0.322223405951	0.322223405951	0.322223405951	0.322223405951	0.322223405951	0.322223405951	0.322223405951	0.322223405951	0.322223405951	0.322223405951	0.322223405951	0.322223405951	0.322223405951	0.322223405951
GO:0010200	response to chitin	P	393	7	8	0.322223405951	0.322223405951	0.322223405951	0.322223405951	2.24103257836e-06	0.322223405951	0.159386051975	0.322223405951	0.322223405951	9.89837427787e-18	0.322223405951	0.322223405951	0.322223405951	0.322223405951	0.322223405951	0.322223405951
GO:0009620	response to fungus	P	530	8	11	0.322223405951	0.322223405951	0.0831989669294	0.322223405951	0.322223405951	0.322223405951	0.103000037411	0.322223405951	0.322223405951	0.322223405951	0.322223405951	0.322223405951	0.322223405951	0.322223405951	0.322223405951	0.322223405951
GO:0009605	response to external stimulus	P	745	16	19	0.322223405951	0.322223405951	4.95225926443e-13	0.322223405951	2.94543170774e-25	0.0310373447094	3.20837559215e-19	0.159386051975	0.322223405951	1.9746071578e-23	0.0	0.322223405951	0.322223405951	0.322223405951	0.322223405951	0.322223405951
GO:0010228	vegetative to reproductive phase transition of meristem	P	436	6	5	0.322223405951	0.322223405951	0.322223405951	0.322223405951	2.99242438906e-11	0.322223405951	2.92726659368e-09	0.322223405951	0.322223405951	8.99297608592e-21	1.35589531974e-31	0.00191735286375	0.159386051975	0.322223405951	0.322223405951	0.322223405951
GO:0051179	localization	P	2569	29	36	0.322223405951	0.322223405951	0.00363470385034	0.322223405951	0.322223405951	0.322223405951	0.00487961149885	0.322223405951	0.322223405951	0.322223405951	0.322223405951	0.322223405951	0.322223405951	0.322223405951	0.322223405951	0.322223405951
GO:0048585	negative regulation of response to stimulus	P	394	4	6	0.322223405951	0.322223405951	0.322223405951	0.322223405951	0.322223405951	0.322223405951	0.322223405951	0.322223405951	0.322223405951	0.322223405951	0.322223405951	0.322223405951	0.322223405951	0.322223405951	0.322223405951	0.322223405951
GO:0048583	regulation of response to stimulus	P	736	11	16	0.322223405951	0.322223405951	0.000112302299792	0.322223405951	0.322223405951	0.322223405951	0.000118026678614	0.322223405951	0.322223405951	0.322223405951	0.322223405951	0.322223405951	0.322223405951	0.322223405951	0.322223405951	0.322223405951
GO:0042538	hyperosmotic salinity response	P	173	5	6	0.322223405951	0.322223405951	0.00683340014957	0.322223405951	1.11821100211e-14	0.322223405951	7.11990363961e-06	0.159386051975	0.322223405951	1.35589531974e-31	0.322223405951	0.322223405951	0.322223405951	0.322223405951	0.322223405951	0.322223405951
GO:0045184	establishment of protein localization	P	1044	4	7	0.322223405951	0.322223405951	0.322223405951	0.322223405951	0.322223405951	0.322223405951	0.322223405951	0.322223405951	0.322223405951	0.322223405951	0.322223405951	0.322223405951	0.322223405951	0.322223405951	0.322223405951	0.322223405951
GO:0009664	plant-type cell wall organization	P	395	5	7	0.322223405951	0.322223405951	7.11990363961e-06	0.322223405951	0.322223405951	0.322223405951	7.11990363961e-06	0.322223405951	0.322223405951	0.322223405951	0.322223405951	0.322223405951	0.322223405951	0.322223405951	0.322223405951	0.322223405951
GO:0060255	regulation of macromolecule metabolic process	P	1325	120	97	0.322223405951	0.322223405951	1.92560518479e-30	0.322223405951	2.74777061669e-46	8.23349517054e-16	2.75763891456e-43	2.24170483786e-18	0.00683340014957	2.69270377017e-38	7.81794116534e-84	5.8073502541e-11	0.00205179402418	0.00117392224299	0.322223405951	0.322223405951
GO:0023052	signaling	P	1280	30	38	0.322223405951	0.322223405951	7.71860122189e-07	0.322223405951	9.13025532034e-29	0.322223405951	0.000924633396339	0.322223405951	0.322223405951	0.0	0.322223405951	0.322223405951	0.322223405951	0.322223405951	0.322223405951	0.322223405951
GO:0048569	post-embryonic organ development	P	528	28	13	0.322223405951	0.322223405951	4.02960749799e-12	0.322223405951	3.17826322552e-28	2.12453271145e-23	3.20144012172e-20	9.18935270461e-06	0.0127683316054	9.47387498291e-14	6.56436928219e-58	6.88828042891e-09	2.8883277225e-13	0.000293282185123	2.37426461763e-07	0.0443151771535
GO:0044255	cellular lipid metabolic process	P	1084	6	8	0.322223405951	0.322223405951	0.322223405951	0.322223405951	0.322223405951	0.322223405951	0.322223405951	0.322223405951	0.322223405951	0.322223405951	0.322223405951	0.322223405951	0.322223405951	0.322223405951	0.322223405951	0.322223405951
GO:2000112	regulation of cellular macromolecule biosynthetic process	P	1124	104	85	0.322223405951	0.322223405951	5.6766969465e-26	0.322223405951	5.19678088908e-39	1.31753917424e-11	1.5769644805e-36	3.51691655178e-15	0.000263427746826	1.48733065973e-31	3.78733714294e-76	6.63558142343e-10	0.00180819322898	0.00104064971613	0.0443151771535	0.322223405951
GO:0050794	regulation of cellular process	P	2663	217	180	0.322223405951	0.322223405951	8.04582111946e-28	0.322223405951	1.97941954969e-48	3.30066789755e-09	1.68875493735e-44	2.01661010085e-25	0.0831989669294	5.29838137921e-50	2.01762398857e-106	0.000246066842432	0.0110575854028	5.57108661587e-05	0.322223405951	0.322223405951
GO:0035556	intracellular signal transduction	P	452	7	9	0.322223405951	0.322223405951	0.322223405951	0.322223405951	5.48852365162e-13	0.322223405951	8.29873136687e-10	0.322223405951	0.322223405951	3.77193177738e-26	0.322223405951	0.322223405951	0.322223405951	0.322223405951	0.322223405951	0.322223405951
GO:0044700	single organism signaling	P	1279	30	38	0.322223405951	0.322223405951	4.54356771059e-08	0.322223405951	1.9420744479e-27	0.322223405951	0.000912989139767	0.00293981572717	0.322223405951	0.0	0.322223405951	0.322223405951	0.322223405951	0.322223405951	0.322223405951	0.322223405951
GO:0044707	single-multicellular organism process	P	2596	89	68	0.322223405951	0.322223405951	8.31246651222e-10	0.322223405951	6.96212577532e-37	1.1565438338e-17	2.86260485333e-35	6.97231713702e-18	7.75182336878e-05	1.50938412274e-35	2.60334495147e-88	9.61252533785e-07	6.78330323408e-07	8.28498041121e-08	0.0110575854028	0.322223405951
GO:0006355	regulation of transcription, DNA-dependent	P	1049	98	80	0.322223405951	0.322223405951	2.38262590347e-27	0.322223405951	1.20301104582e-41	1.83599426867e-17	1.04791940024e-37	1.19692959725e-18	0.00191735286375	4.75258020648e-37	2.35684782105e-95	2.09289734992e-08	9.25390775195e-07	0.00363470385034	0.0127683316054	0.322223405951
GO:0009611	response to wounding	P	351	4	6	0.322223405951	0.322223405951	0.322223405951	0.322223405951	0.322223405951	0.322223405951	0.322223405951	0.322223405951	0.322223405951	0.322223405951	0.322223405951	0.322223405951	0.322223405951	0.322223405951	0.322223405951	0.322223405951
GO:0043167	ion binding	M	2562	31	39	0.322223405951	0.322223405951	0.00683340014957	0.322223405951	6.90633831242e-13	0.322223405951	9.34520078594e-08	0.322223405951	0.322223405951	6.51038139831e-36	0.322223405951	0.322223405951	0.322223405951	0.322223405951	0.322223405951	0.322223405951
GO:0019438	aromatic compound biosynthetic process	P	1182	9	10	0.322223405951	0.322223405951	1.52037937576e-05	0.322223405951	3.92488564483e-27	0.322223405951	7.75182336878e-05	0.0237784661239	0.322223405951	0.322223405951	0.322223405951	0.322223405951	0.322223405951	0.322223405951	0.322223405951	0.322223405951
GO:0044723	single-organism carbohydrate metabolic process	P	1429	5	6	0.322223405951	0.322223405951	2.72839915043e-07	0.322223405951	0.322223405951	0.322223405951	8.67277525562e-07	0.322223405951	0.322223405951	0.322223405951	0.322223405951	0.322223405951	0.322223405951	0.322223405951	0.322223405951	0.322223405951
GO:0048523	negative regulation of cellular process	P	697	7	12	0.322223405951	0.322223405951	0.322223405951	0.322223405951	0.322223405951	0.322223405951	0.322223405951	0.322223405951	0.322223405951	0.322223405951	0.322223405951	0.322223405951	0.322223405951	0.322223405951	0.322223405951	0.322223405951
GO:0048522	positive regulation of cellular process	P	710	7	11	0.322223405951	0.322223405951	0.322223405951	0.322223405951	1.23462254137e-24	0.322223405951	0.322223405951	0.322223405951	0.322223405951	0.322223405951	0.322223405951	0.322223405951	0.322223405951	0.322223405951	0.322223405951	0.322223405951
GO:0009738	abscisic acid mediated signaling pathway	P	216	5	6	0.322223405951	0.322223405951	0.322223405951	0.322223405951	1.01461527491e-07	0.322223405951	0.000516928494134	0.322223405951	0.322223405951	1.46601424401e-22	0.322223405951	0.322223405951	0.322223405951	0.322223405951	0.322223405951	0.322223405951
GO:2001141	regulation of RNA biosynthetic process	P	1049	98	80	0.322223405951	0.322223405951	8.23525793112e-28	0.322223405951	2.23051095511e-40	3.26598520659e-13	6.74132153579e-36	7.68969170058e-13	0.00293981572717	2.03340845913e-34	8.31818604667e-89	2.20019819311e-10	0.000193839480402	5.71064254506e-06	0.0831989669294	0.322223405951
GO:0032870	cellular response to hormone stimulus	P	683	18	23	0.322223405951	0.322223405951	0.322223405951	0.322223405951	6.83884889826e-23	0.322223405951	9.46698662079e-19	0.322223405951	0.322223405951	2.71690605285e-43	0.322223405951	0.322223405951	0.322223405951	0.322223405951	0.322223405951	0.322223405951
GO:0080134	regulation of response to stress	P	601	7	11	0.322223405951	0.322223405951	0.322223405951	0.322223405951	0.322223405951	0.322223405951	0.322223405951	0.322223405951	0.322223405951	0.322223405951	0.322223405951	0.322223405951	0.322223405951	0.322223405951	0.322223405951	0.322223405951
GO:0048437	floral organ development	P	416	28	13	0.322223405951	0.322223405951	7.61992802701e-12	0.322223405951	1.17758007584e-23	3.8238081992e-24	1.3980936256e-20	6.89226643972e-05	0.0443151771535	9.19727089264e-11	9.89202484651e-59	4.86887093862e-11	9.13806761686e-10	9.32636029502e-05	1.04189652216e-07	0.018040323892
GO:0008544	epidermis development	P	520	4	5	0.322223405951	0.322223405951	0.322223405951	0.322223405951	6.08962383593e-10	0.322223405951	2.72839915043e-07	0.322223405951	0.322223405951	7.08019796347e-20	0.322223405951	0.322223405951	0.322223405951	0.322223405951	0.322223405951	0.322223405951
GO:0036211	protein modification process	P	1580	7	10	0.322223405951	0.322223405951	0.322223405951	0.322223405951	0.322223405951	0.322223405951	0.322223405951	0.322223405951	0.322223405951	0.322223405951	0.322223405951	0.322223405951	0.322223405951	0.322223405951	0.322223405951	0.322223405951
GO:0044085	cellular component biogenesis	P	1167	4	6	0.322223405951	0.322223405951	0.322223405951	0.322223405951	0.322223405951	0.322223405951	0.322223405951	0.322223405951	0.322223405951	0.322223405951	0.322223405951	0.322223405951	0.322223405951	0.322223405951	0.322223405951	0.322223405951
GO:0015031	protein transport	P	1044	4	7	0.322223405951	0.322223405951	0.322223405951	0.322223405951	0.322223405951	0.322223405951	0.322223405951	0.322223405951	0.322223405951	0.322223405951	0.322223405951	0.322223405951	0.322223405951	0.322223405951	0.322223405951	0.322223405951
GO:0051716	cellular response to stimulus	P	2010	59	66	0.322223405951	0.322223405951	6.16670589433e-10	0.322223405951	1.27176671367e-27	0.322223405951	1.06213666079e-15	0.000192079645473	0.322223405951	1.37356945741e-38	0.322223405951	0.322223405951	0.322223405951	0.322223405951	0.322223405951	0.322223405951
GO:0007275	multicellular organismal development	P	2514	83	64	0.322223405951	0.322223405951	2.0651889684e-14	0.322223405951	1.95314941097e-41	3.63109934405e-16	7.83987166179e-39	1.74395828971e-17	0.00157177540832	1.19718981514e-36	2.96646259817e-89	1.76908233768e-07	2.83646455388e-05	7.39550832317e-09	0.159386051975	0.322223405951
GO:0044767	single-organism developmental process	P	1920	55	41	0.322223405951	0.322223405951	2.73914758711e-12	0.322223405951	5.65197172865e-35	1.23138083396e-14	5.66216196693e-33	3.14606515832e-16	0.00683340014957	7.48546613137e-26	5.30864059339e-81	1.40772435349e-06	1.91718396074e-06	4.35926312215e-07	0.0237784661239	0.322223405951
GO:1901700	response to oxygen-containing compound	P	1854	103	91	0.322223405951	0.322223405951	1.81072736736e-25	0.322223405951	3.46195697724e-37	0.322223405951	2.15167367399e-05	7.18926583734e-16	0.322223405951	9.29103104494e-59	0.0	0.322223405951	0.322223405951	0.322223405951	0.322223405951	0.322223405951
GO:1901701	cellular response to oxygen-containing compound	P	886	20	23	0.322223405951	0.322223405951	3.74759998957e-07	0.322223405951	1.86788173362e-20	0.322223405951	2.21192638974e-07	0.00293981572717	0.322223405951	0.0	0.322223405951	0.322223405951	0.322223405951	0.322223405951	0.322223405951	0.322223405951
GO:0016020	membrane	C	3348	5	7	0.322223405951	0.322223405951	0.322223405951	0.322223405951	0.322223405951	0.322223405951	0.322223405951	0.322223405951	0.322223405951	0.322223405951	0.322223405951	0.322223405951	0.322223405951	0.322223405951	0.322223405951	0.322223405951
GO:0009607	response to biotic stimulus	P	1258	21	27	0.322223405951	0.322223405951	0.00055667604589	0.322223405951	1.71127248487e-21	0.322223405951	1.30434298266e-09	0.0443151771535	0.322223405951	0.0	0.322223405951	0.322223405951	0.322223405951	0.322223405951	0.322223405951	0.322223405951
GO:0009314	response to radiation	P	977	8	12	0.322223405951	0.322223405951	0.00100132738394	0.322223405951	0.322223405951	0.322223405951	0.00100132738394	0.322223405951	0.322223405951	0.322223405951	0.322223405951	0.322223405951	0.322223405951	0.322223405951	0.322223405951	0.322223405951
GO:0071669	plant-type cell wall organization or biogenesis	P	484	5	7	0.322223405951	0.322223405951	0.00013234126807	0.322223405951	0.322223405951	0.322223405951	0.00013234126807	0.322223405951	0.322223405951	0.322223405951	0.322223405951	0.322223405951	0.322223405951	0.322223405951	0.322223405951	0.322223405951
GO:0009058	biosynthetic process	P	3511	84	79	0.322223405951	0.322223405951	7.41618953955e-14	0.322223405951	2.89928122469e-48	0.322223405951	0.126742914473	1.43802377849e-07	0.322223405951	0.0	0.322223405951	0.322223405951	0.322223405951	0.322223405951	0.322223405951	0.322223405951
GO:0009059	macromolecule biosynthetic process	P	1605	7	7	0.322223405951	0.322223405951	7.08205487412e-09	0.322223405951	0.322223405951	0.322223405951	4.00685243108e-09	0.322223405951	0.322223405951	0.322223405951	0.322223405951	0.322223405951	0.322223405951	0.322223405951	0.322223405951	0.322223405951
GO:0051171	regulation of nitrogen compound metabolic process	P	1174	106	87	0.322223405951	0.322223405951	3.42422169101e-25	0.322223405951	4.97088586497e-40	5.7303708927e-13	5.3769638188e-36	6.15970820699e-17	0.00363470385034	7.72493685206e-34	8.38184740616e-88	2.37426461763e-07	0.000352257086067	0.00293981572717	0.322223405951	0.322223405951
GO:0051173	positive regulation of nitrogen compound metabolic process	P	318	4	6	0.322223405951	0.322223405951	0.322223405951	0.322223405951	7.50895520599e-14	0.322223405951	0.322223405951	0.322223405951	0.322223405951	0.322223405951	0.322223405951	0.322223405951	0.322223405951	0.322223405951	0.322223405951	0.322223405951
GO:0032787	monocarboxylic acid metabolic process	P	1201	9	12	0.322223405951	0.322223405951	0.00191735286375	0.322223405951	0.322223405951	0.322223405951	0.00326923857164	0.322223405951	0.322223405951	0.322223405951	0.322223405951	0.322223405951	0.322223405951	0.322223405951	0.322223405951	0.322223405951
GO:0016043	cellular component organization	P	2606	35	40	0.322223405951	0.322223405951	4.37352627182e-08	0.322223405951	0.322223405951	0.322223405951	1.72171286951e-08	0.322223405951	0.322223405951	0.322223405951	0.322223405951	0.322223405951	0.322223405951	0.322223405951	0.322223405951	0.322223405951
GO:0034641	cellular nitrogen compound metabolic process	P	2367	5	7	0.322223405951	0.322223405951	0.322223405951	0.322223405951	0.322223405951	0.322223405951	0.322223405951	0.322223405951	0.322223405951	0.322223405951	0.322223405951	0.322223405951	0.322223405951	0.322223405951	0.322223405951	0.322223405951
GO:0034645	cellular macromolecule biosynthetic process	P	1517	6	6	0.322223405951	0.322223405951	2.60327435546e-09	0.322223405951	0.322223405951	0.322223405951	2.60327435546e-09	0.322223405951	0.322223405951	0.322223405951	0.322223405951	0.322223405951	0.322223405951	0.322223405951	0.322223405951	0.322223405951
GO:0008610	lipid biosynthetic process	P	928	5	6	0.322223405951	0.322223405951	0.322223405951	0.322223405951	0.322223405951	0.322223405951	0.322223405951	0.322223405951	0.322223405951	0.322223405951	0.322223405951	0.322223405951	0.322223405951	0.322223405951	0.322223405951	0.322223405951
GO:0000003	reproduction	P	1658	54	30	0.322223405951	0.322223405951	4.13652366037e-07	0.322223405951	4.84667999187e-34	1.21664001958e-19	3.99056156443e-29	5.51490407197e-17	0.00110736576853	4.00415155528e-32	2.70494640983e-77	1.17404302289e-08	1.86318200014e-09	1.81366895397e-14	6.77501349114e-06	0.159386051975
GO:0010557	positive regulation of macromolecule biosynthetic process	P	320	4	6	0.322223405951	0.322223405951	0.322223405951	0.322223405951	1.08621784938e-13	0.322223405951	0.322223405951	0.322223405951	0.322223405951	0.322223405951	0.322223405951	0.322223405951	0.322223405951	0.322223405951	0.322223405951	0.322223405951
GO:0010556	regulation of macromolecule biosynthetic process	P	1124	104	85	0.322223405951	0.322223405951	1.10947729866e-29	0.322223405951	1.85036861124e-44	8.72922939302e-16	2.4539051615e-40	3.5407247114e-17	0.018040323892	9.61592102601e-38	2.28191741059e-93	3.28462313959e-10	2.92849606903e-05	1.37571086235e-05	0.0127683316054	0.322223405951
GO:0033993	response to lipid	P	657	23	27	0.322223405951	0.322223405951	1.99805144494e-06	0.322223405951	4.48546828623e-32	0.322223405951	0.0087060524257	0.00100132738394	0.322223405951	0.0	0.322223405951	0.322223405951	0.322223405951	0.322223405951	0.322223405951	0.322223405951
GO:0043067	regulation of programmed cell death	P	450	7	11	0.322223405951	0.322223405951	0.322223405951	0.322223405951	0.322223405951	0.322223405951	0.322223405951	0.322223405951	0.322223405951	0.322223405951	0.322223405951	0.322223405951	0.322223405951	0.322223405951	0.322223405951	0.322223405951
GO:0045087	innate immune response	P	776	6	8	0.322223405951	0.322223405951	0.322223405951	0.322223405951	0.322223405951	0.322223405951	0.322223405951	0.322223405951	0.322223405951	0.322223405951	0.322223405951	0.322223405951	0.322223405951	0.322223405951	0.322223405951	0.322223405951
GO:0010035	response to inorganic substance	P	1054	24	29	0.322223405951	0.322223405951	0.000222086938225	0.322223405951	1.50608597326e-26	0.322223405951	7.51854149175e-22	0.018040323892	0.322223405951	2.75297599193e-36	0.322223405951	0.159386051975	0.322223405951	0.322223405951	0.322223405951	0.322223405951
GO:0005975	carbohydrate metabolic process	P	1642	15	15	0.322223405951	0.322223405951	1.94633247036e-11	0.322223405951	0.322223405951	0.322223405951	1.66402473018e-10	0.322223405951	0.322223405951	0.322223405951	0.322223405951	0.322223405951	0.322223405951	0.322223405951	0.322223405951	0.322223405951
GO:0005976	polysaccharide metabolic process	P	682	4	6	0.322223405951	0.322223405951	0.322223405951	0.322223405951	0.322223405951	0.322223405951	0.322223405951	0.322223405951	0.322223405951	0.322223405951	0.322223405951	0.322223405951	0.322223405951	0.322223405951	0.322223405951	0.322223405951
GO:0009719	response to endogenous stimulus	P	1298	71	68	0.322223405951	0.322223405951	6.22584736675e-23	0.322223405951	6.68036748094e-37	0.159386051975	1.20290794543e-05	4.18475415154e-14	0.322223405951	2.91141210418e-54	0.0	0.322223405951	0.322223405951	0.322223405951	0.322223405951	0.322223405951
GO:0040007	growth	P	701	6	7	0.322223405951	0.322223405951	6.54588810556e-05	0.322223405951	2.6719219928e-14	6.54588810556e-05	6.54588810556e-05	0.322223405951	0.322223405951	6.54588810556e-05	2.71690605285e-43	0.0831989669294	0.322223405951	0.322223405951	0.322223405951	0.322223405951
GO:0044267	cellular protein metabolic process	P	2379	8	12	0.322223405951	0.322223405951	0.322223405951	0.322223405951	0.322223405951	0.322223405951	0.322223405951	0.322223405951	0.322223405951	0.322223405951	0.322223405951	0.322223405951	0.322223405951	0.322223405951	0.322223405951	0.322223405951
GO:0044264	cellular polysaccharide metabolic process	P	591	4	6	0.322223405951	0.322223405951	0.322223405951	0.322223405951	0.322223405951	0.322223405951	0.322223405951	0.322223405951	0.322223405951	0.322223405951	0.322223405951	0.322223405951	0.322223405951	0.322223405951	0.322223405951	0.322223405951
GO:0044260	cellular macromolecule metabolic process	P	3623	45	47	0.322223405951	0.322223405951	8.90118534375e-14	0.322223405951	0.322223405951	0.322223405951	1.14813370545e-12	0.322223405951	0.322223405951	0.322223405951	0.322223405951	0.322223405951	0.322223405951	0.322223405951	0.322223405951	0.322223405951
GO:0002679	respiratory burst involved in defense response	P	123	4	5	0.322223405951	0.322223405951	0.322223405951	0.322223405951	8.43913586336e-10	0.322223405951	7.11990363961e-06	0.322223405951	0.322223405951	7.08019796347e-20	0.322223405951	0.322223405951	0.322223405951	0.322223405951	0.322223405951	0.322223405951
GO:0005488	binding	M	4710	367	267	0.322223405951	0.322223405951	2.81263211921e-07	0.322223405951	1.31041946e-58	2.2865725839e-05	6.07524902977e-41	3.60461542953e-26	0.159386051975	5.34057846136e-58	5.8945301822e-113	0.00363470385034	0.159386051975	0.0099491525424	0.322223405951	0.322223405951
GO:0014070	response to organic cyclic compound	P	760	5	9	0.322223405951	0.322223405951	0.322223405951	0.322223405951	0.322223405951	0.322223405951	0.322223405951	0.322223405951	0.322223405951	0.322223405951	0.322223405951	0.322223405951	0.322223405951	0.322223405951	0.322223405951	0.322223405951
GO:0009737	response to abscisic acid stimulus	P	527	17	19	0.322223405951	0.322223405951	5.71064254506e-06	0.322223405951	2.50945568434e-27	0.322223405951	0.225357401644	0.0831989669294	0.322223405951	0.0	0.322223405951	0.322223405951	0.322223405951	0.322223405951	0.322223405951	0.322223405951
GO:0019219	regulation of nucleobase-containing compound metabolic process	P	1146	104	84	0.322223405951	0.322223405951	3.5559330197e-31	0.322223405951	5.08801053835e-47	1.4568215058e-15	7.27541293838e-43	8.90885731909e-18	0.018040323892	6.51496565441e-33	3.54757236977e-84	2.00079972977e-09	3.97193383064e-05	0.000337139941643	0.0831989669294	0.322223405951
GO:0007165	signal transduction	P	1221	30	38	0.322223405951	0.322223405951	0.000311012518696	0.322223405951	4.40344237117e-29	0.322223405951	2.37426461763e-07	0.322223405951	0.322223405951	2.71690605285e-43	0.322223405951	0.322223405951	0.322223405951	0.322223405951	0.322223405951	0.322223405951
GO:0034613	cellular protein localization	P	1005	4	7	0.322223405951	0.322223405951	0.322223405951	0.322223405951	0.322223405951	0.322223405951	0.322223405951	0.322223405951	0.322223405951	0.322223405951	0.322223405951	0.322223405951	0.322223405951	0.322223405951	0.322223405951	0.322223405951
GO:0046394	carboxylic acid biosynthetic process	P	1065	15	20	0.322223405951	0.322223405951	0.000516928494134	0.322223405951	0.322223405951	0.322223405951	0.000945957737511	0.322223405951	0.322223405951	0.322223405951	0.322223405951	0.322223405951	0.322223405951	0.322223405951	0.322223405951	0.322223405951
GO:0071215	cellular response to abscisic acid stimulus	P	240	11	13	0.322223405951	0.322223405951	0.322223405951	0.322223405951	4.891029609e-19	0.322223405951	1.02476393074e-13	0.322223405951	0.322223405951	2.71690605285e-43	0.322223405951	0.322223405951	0.322223405951	0.322223405951	0.322223405951	0.322223405951
GO:0009753	response to jasmonic acid stimulus	P	442	7	9	0.322223405951	0.322223405951	0.322223405951	0.322223405951	1.28999042478e-09	0.322223405951	1.52037937576e-05	0.322223405951	0.322223405951	1.35589531974e-31	0.322223405951	0.322223405951	0.322223405951	0.322223405951	0.322223405951	0.322223405951
GO:0009755	hormone-mediated signaling pathway	P	647	11	15	0.322223405951	0.322223405951	0.322223405951	0.322223405951	9.78598001944e-17	0.322223405951	1.88919961949e-12	0.322223405951	0.322223405951	2.71690605285e-43	0.322223405951	0.322223405951	0.322223405951	0.322223405951	0.322223405951	0.322223405951
GO:0010604	positive regulation of macromolecule metabolic process	P	328	4	6	0.322223405951	0.322223405951	0.322223405951	0.322223405951	2.7883337039e-23	0.322223405951	0.322223405951	0.322223405951	0.322223405951	0.322223405951	0.322223405951	0.322223405951	0.322223405951	0.322223405951	0.322223405951	0.322223405951
GO:1901576	organic substance biosynthetic process	P	3350	74	65	0.322223405951	0.322223405951	1.04312537245e-14	0.322223405951	1.18196317803e-38	0.322223405951	6.96281312448e-05	1.53983219504e-08	0.322223405951	0.0	0.322223405951	0.322223405951	0.322223405951	0.322223405951	0.322223405951	0.322223405951
GO:0045730	respiratory burst	P	123	4	5	0.322223405951	0.322223405951	0.322223405951	0.322223405951	2.42315176219e-12	0.322223405951	6.4021217858e-07	0.322223405951	0.322223405951	1.57652063648e-28	0.322223405951	0.322223405951	0.322223405951	0.322223405951	0.322223405951	0.322223405951
GO:0019538	protein metabolic process	P	2586	9	13	0.322223405951	0.322223405951	0.322223405951	0.322223405951	0.322223405951	0.322223405951	0.322223405951	0.322223405951	0.322223405951	0.322223405951	0.322223405951	0.322223405951	0.322223405951	0.322223405951	0.322223405951	0.322223405951
GO:0009913	epidermal cell differentiation	P	520	4	5	0.322223405951	0.322223405951	0.322223405951	0.322223405951	1.14788551964e-09	0.322223405951	1.52037937576e-05	0.322223405951	0.322223405951	7.08019796347e-20	0.322223405951	0.322223405951	0.322223405951	0.322223405951	0.322223405951	0.322223405951
GO:0031347	regulation of defense response	P	572	7	11	0.322223405951	0.322223405951	0.322223405951	0.322223405951	0.322223405951	0.322223405951	0.322223405951	0.322223405951	0.322223405951	0.322223405951	0.322223405951	0.322223405951	0.322223405951	0.322223405951	0.322223405951	0.322223405951
GO:0010628	positive regulation of gene expression	P	309	4	6	0.322223405951	0.322223405951	0.322223405951	0.322223405951	1.35341502067e-15	0.322223405951	0.322223405951	0.322223405951	0.322223405951	0.322223405951	0.322223405951	0.322223405951	0.322223405951	0.322223405951	0.322223405951	0.322223405951
GO:0044763	single-organism cellular process	P	4805	168	166	0.322223405951	0.322223405951	2.57057169011e-10	0.322223405951	2.75442114867e-48	0.00437751004742	1.07035785183e-38	1.44998149803e-14	0.322223405951	2.75789646872e-51	0.0	0.159386051975	0.322223405951	0.159386051975	0.322223405951	0.322223405951
GO:0071396	cellular response to lipid	P	330	11	13	0.322223405951	0.322223405951	0.322223405951	0.322223405951	3.97413906495e-20	0.322223405951	6.08013631145e-16	0.322223405951	0.322223405951	6.51038139831e-36	0.322223405951	0.322223405951	0.322223405951	0.322223405951	0.322223405951	0.322223405951
GO:0006810	transport	P	2383	19	25	0.322223405951	0.322223405951	0.322223405951	0.322223405951	0.322223405951	0.322223405951	0.322223405951	0.322223405951	0.322223405951	0.322223405951	0.322223405951	0.322223405951	0.322223405951	0.322223405951	0.322223405951	0.322223405951
GO:0006950	response to stress	P	2792	119	102	0.322223405951	0.322223405951	6.52271414325e-17	0.322223405951	1.21005452998e-46	0.322223405951	8.76382013985e-18	9.21639199561e-15	0.322223405951	1.15338183023e-54	0.0	0.0831989669294	0.322223405951	0.159386051975	0.322223405951	0.322223405951
GO:0071702	organic substance transport	P	1466	5	8	0.322223405951	0.322223405951	0.322223405951	0.322223405951	0.322223405951	0.322223405951	0.322223405951	0.322223405951	0.322223405951	0.322223405951	0.322223405951	0.322223405951	0.322223405951	0.322223405951	0.322223405951	0.322223405951
GO:0080135	regulation of cellular response to stress	P	441	7	11	0.322223405951	0.322223405951	0.322223405951	0.322223405951	0.322223405951	0.322223405951	0.322223405951	0.322223405951	0.322223405951	0.322223405951	0.322223405951	0.322223405951	0.322223405951	0.322223405951	0.322223405951	0.322223405951
GO:0009791	post-embryonic development	P	1535	56	28	0.322223405951	0.322223405951	8.37078180306e-11	0.322223405951	1.26606469979e-32	1.95240516779e-19	3.07149142431e-30	1.84367149308e-19	2.43863774052e-05	1.20607257221e-35	8.82013487353e-71	8.50464577246e-09	8.93752492459e-11	1.00408136119e-11	0.000538254200937	0.0831989669294
GO:0046483	heterocycle metabolic process	P	2438	4	6	0.322223405951	0.322223405951	0.322223405951	0.322223405951	0.322223405951	0.322223405951	0.322223405951	0.322223405951	0.322223405951	0.322223405951	0.322223405951	0.322223405951	0.322223405951	0.322223405951	0.322223405951	0.322223405951
GO:0044428	nuclear part	C	478	4	6	0.322223405951	0.322223405951	0.322223405951	0.322223405951	1.48369364747e-16	0.322223405951	0.322223405951	0.322223405951	0.322223405951	0.322223405951	0.322223405951	0.322223405951	0.322223405951	0.322223405951	0.322223405951	0.322223405951
GO:0044422	organelle part	C	2199	9	12	0.322223405951	0.322223405951	0.322223405951	0.322223405951	7.30646966776e-27	0.322223405951	0.322223405951	0.322223405951	0.322223405951	0.322223405951	0.322223405951	0.322223405951	0.322223405951	0.322223405951	0.322223405951	0.322223405951
GO:0009893	positive regulation of metabolic process	P	469	5	7	0.322223405951	0.322223405951	0.322223405951	0.322223405951	6.44970007349e-24	0.322223405951	0.322223405951	0.322223405951	0.322223405951	0.322223405951	0.322223405951	0.322223405951	0.322223405951	0.322223405951	0.322223405951	0.322223405951
GO:0009891	positive regulation of biosynthetic process	P	456	4	6	0.322223405951	0.322223405951	0.322223405951	0.322223405951	1.67917052869e-17	0.322223405951	0.322223405951	0.322223405951	0.322223405951	0.322223405951	0.322223405951	0.322223405951	0.322223405951	0.322223405951	0.322223405951	0.322223405951
GO:0033036	macromolecule localization	P	1259	6	10	0.322223405951	0.322223405951	0.322223405951	0.322223405951	0.322223405951	0.322223405951	0.322223405951	0.322223405951	0.322223405951	0.322223405951	0.322223405951	0.322223405951	0.322223405951	0.322223405951	0.322223405951	0.322223405951
GO:0050896	response to stimulus	P	4098	211	176	0.322223405951	0.322223405951	1.91338171446e-20	0.322223405951	1.52410265473e-52	0.018040323892	1.76762206994e-17	3.92239225421e-19	0.322223405951	1.69818094834e-65	0.0	0.159386051975	0.322223405951	0.209120781705	0.322223405951	0.322223405951
GO:0009409	response to cold	P	570	7	11	0.322223405951	0.322223405951	0.00363470385034	0.322223405951	0.322223405951	0.322223405951	0.00363470385034	0.322223405951	0.322223405951	0.322223405951	0.322223405951	0.322223405951	0.322223405951	0.322223405951	0.322223405951	0.322223405951
GO:0005515	protein binding	M	1728	40	39	0.322223405951	0.322223405951	1.89507566654e-12	0.322223405951	3.35882581997e-28	3.9527628023e-07	3.20641669431e-25	2.22334130245e-07	0.322223405951	1.99200661371e-25	1.7193263907e-81	0.000432446749279	0.0443151771535	0.0831989669294	0.322223405951	0.322223405951
GO:0006996	organelle organization	P	1728	9	15	0.322223405951	0.322223405951	0.322223405951	0.322223405951	0.322223405951	0.322223405951	0.322223405951	0.322223405951	0.322223405951	0.322223405951	0.322223405951	0.322223405951	0.322223405951	0.322223405951	0.322223405951	0.322223405951
GO:0003006	developmental process involved in reproduction	P	1498	53	28	0.322223405951	0.322223405951	2.63459355955e-10	0.322223405951	9.04227484897e-33	1.7862084535e-20	1.01223496694e-30	1.36467581406e-18	0.000104849254635	5.7310422252e-38	1.39382194684e-78	9.79342768654e-12	6.04179630253e-13	2.89350938835e-12	7.08418009511e-05	0.322223405951
GO:0044446	intracellular organelle part	C	2191	9	12	0.322223405951	0.322223405951	0.322223405951	0.322223405951	4.69352920798e-28	0.322223405951	0.322223405951	0.322223405951	0.322223405951	0.322223405951	0.322223405951	0.322223405951	0.322223405951	0.322223405951	0.322223405951	0.322223405951
GO:1901698	response to nitrogen compound	P	577	10	13	0.322223405951	0.322223405951	7.11990363961e-06	0.322223405951	1.46066108793e-11	0.322223405951	0.0405888214559	0.322223405951	0.322223405951	6.51038139831e-36	0.322223405951	0.322223405951	0.322223405951	0.322223405951	0.322223405951	0.322223405951
GO:0006082	organic acid metabolic process	P	1646	23	29	0.322223405951	0.322223405951	7.75182336878e-05	0.322223405951	0.322223405951	0.322223405951	0.000104749269863	0.322223405951	0.322223405951	0.322223405951	0.322223405951	0.322223405951	0.322223405951	0.322223405951	0.322223405951	0.322223405951
GO:0031328	positive regulation of cellular biosynthetic process	P	456	4	6	0.322223405951	0.322223405951	0.322223405951	0.322223405951	3.25251425099e-18	0.322223405951	0.322223405951	0.322223405951	0.322223405951	0.322223405951	0.322223405951	0.322223405951	0.322223405951	0.322223405951	0.322223405951	0.322223405951
GO:0031326	regulation of cellular biosynthetic process	P	1285	122	102	0.322223405951	0.322223405951	1.67983807394e-30	0.322223405951	6.28956309163e-44	1.36735158567e-13	5.37606243276e-43	1.46841045078e-16	0.0127683316054	1.0335683361e-38	2.6019836423e-94	3.24343915935e-08	0.00136121872527	5.58540189976e-05	0.159386051975	0.322223405951
GO:0031325	positive regulation of cellular metabolic process	P	466	5	7	0.322223405951	0.322223405951	0.322223405951	0.322223405951	2.6622745857e-30	0.322223405951	0.322223405951	0.322223405951	0.322223405951	0.322223405951	0.322223405951	0.322223405951	0.322223405951	0.322223405951	0.322223405951	0.322223405951
GO:0031323	regulation of cellular metabolic process	P	1578	148	125	0.322223405951	0.322223405951	2.16190317725e-33	0.322223405951	4.21966731697e-48	8.53798390513e-10	2.36335787809e-48	1.45290633871e-19	0.0579656115364	7.46892337462e-45	5.53103611769e-113	9.35674805417e-10	0.00348395324264	0.0237784661239	0.322223405951	0.322223405951
GO:0010941	regulation of cell death	P	457	7	11	0.322223405951	0.322223405951	0.322223405951	0.322223405951	0.322223405951	0.322223405951	0.322223405951	0.322223405951	0.322223405951	0.322223405951	0.322223405951	0.322223405951	0.322223405951	0.322223405951	0.322223405951	0.322223405951
GO:0048438	floral whorl development	P	365	28	13	0.322223405951	0.322223405951	3.42715150762e-13	0.322223405951	8.38233827725e-27	2.17097657723e-22	1.92519765016e-18	8.93841213023e-07	0.0127683316054	8.45940470808e-10	1.9597901838e-60	1.56755144028e-11	3.41379173748e-11	0.000222086938225	1.883129206e-06	0.00363470385034
GO:0005576	extracellular region	C	1086	5	6	0.322223405951	0.322223405951	0.322223405951	0.322223405951	0.322223405951	0.322223405951	0.322223405951	0.322223405951	0.322223405951	0.322223405951	0.322223405951	0.322223405951	0.322223405951	0.322223405951	0.322223405951	0.322223405951
GO:0002252	immune effector process	P	271	6	8	0.322223405951	0.322223405951	0.0127683316054	0.322223405951	1.68572781182e-17	0.322223405951	2.39601204286e-09	0.322223405951	0.322223405951	1.35589531974e-31	0.322223405951	0.322223405951	0.322223405951	0.322223405951	0.322223405951	0.322223405951
GO:0008104	protein localization	P	1061	4	7	0.322223405951	0.322223405951	0.322223405951	0.322223405951	0.322223405951	0.322223405951	0.322223405951	0.322223405951	0.322223405951	0.322223405951	0.322223405951	0.322223405951	0.322223405951	0.322223405951	0.322223405951	0.322223405951
GO:0009651	response to salt stress	P	807	14	18	0.322223405951	0.322223405951	0.000222086938225	0.322223405951	3.84761284691e-21	0.322223405951	1.71458061815e-14	0.0127683316054	0.322223405951	2.71690605285e-43	0.322223405951	0.322223405951	0.322223405951	0.322223405951	0.322223405951	0.322223405951
GO:0044262	cellular carbohydrate metabolic process	P	651	4	6	0.322223405951	0.322223405951	0.322223405951	0.322223405951	0.322223405951	0.322223405951	0.322223405951	0.322223405951	0.322223405951	0.322223405951	0.322223405951	0.322223405951	0.322223405951	0.322223405951	0.322223405951	0.322223405951
GO:0006952	defense response	P	1116	18	22	0.322223405951	0.322223405951	1.18332211269e-05	0.322223405951	3.20144012172e-20	0.322223405951	8.61540877792e-05	0.00543628223952	0.322223405951	2.71690605285e-43	0.322223405951	0.322223405951	0.322223405951	0.322223405951	0.322223405951	0.322223405951
GO:0006955	immune response	P	779	6	8	0.322223405951	0.322223405951	0.322223405951	0.322223405951	0.322223405951	0.322223405951	0.322223405951	0.322223405951	0.322223405951	0.322223405951	0.322223405951	0.322223405951	0.322223405951	0.322223405951	0.322223405951	0.322223405951
GO:0051252	regulation of RNA metabolic process	P	1060	98	80	0.322223405951	0.322223405951	7.78644147939e-31	0.322223405951	1.0731204236e-43	5.94303482577e-13	8.32586352082e-41	6.9570780806e-19	0.00602628761674	4.12376800574e-30	2.33884719945e-74	7.27398694118e-11	7.75182336878e-05	0.00100132738394	0.0443151771535	0.322223405951
GO:0051254	positive regulation of RNA metabolic process	P	308	4	6	0.322223405951	0.322223405951	0.322223405951	0.322223405951	1.61916909032e-19	0.322223405951	0.322223405951	0.322223405951	0.322223405951	0.322223405951	0.322223405951	0.322223405951	0.322223405951	0.322223405951	0.322223405951	0.322223405951
GO:0071310	cellular response to organic substance	P	1040	24	31	0.322223405951	0.322223405951	0.322223405951	0.322223405951	1.26939226084e-23	0.322223405951	9.46698662079e-19	0.322223405951	0.322223405951	0.0	0.322223405951	0.322223405951	0.322223405951	0.322223405951	0.322223405951	0.322223405951
GO:0051649	establishment of localization in cell	P	1370	8	10	0.322223405951	0.322223405951	0.00013234126807	0.322223405951	0.322223405951	0.322223405951	0.000171163347404	0.322223405951	0.322223405951	0.322223405951	0.322223405951	0.322223405951	0.322223405951	0.322223405951	0.322223405951	0.322223405951
GO:0051641	cellular localization	P	1414	8	10	0.322223405951	0.322223405951	0.000516928494134	0.322223405951	0.322223405951	0.322223405951	0.000676839112531	0.322223405951	0.322223405951	0.322223405951	0.322223405951	0.322223405951	0.322223405951	0.322223405951	0.322223405951	0.322223405951
GO:0030154	cell differentiation	P	933	14	12	0.322223405951	0.322223405951	8.29873136687e-10	0.322223405951	1.43697083817e-24	3.75990097136e-08	7.38760280242e-17	0.0443151771535	0.322223405951	1.02340709994e-10	4.43606906536e-59	1.90769611887e-05	0.322223405951	0.322223405951	0.322223405951	0.322223405951
GO:0044249	cellular biosynthetic process	P	3250	70	61	0.322223405951	0.322223405951	3.75202194999e-13	0.322223405951	1.93799502344e-32	0.322223405951	0.00426657887455	1.70300873776e-08	0.322223405951	1.43999705221e-47	0.322223405951	0.322223405951	0.322223405951	0.322223405951	0.322223405951	0.322223405951
GO:0009653	anatomical structure morphogenesis	P	1334	18	16	0.322223405951	0.322223405951	3.49314234014e-11	0.322223405951	5.54674007888e-25	9.06223246342e-09	8.16630208248e-21	0.000432446749279	0.322223405951	1.47499029246e-17	6.56289793936e-73	0.00543628223952	0.159386051975	0.322223405951	0.322223405951	0.322223405951
