GO:0050832	defense response to fungus	P	896	9	12	0.322223405951	0.322223405951	2.01541886678e-05	0.322223405951	0.322223405951	0.322223405951	3.88197299246e-05	0.322223405951	0.322223405951	0.322223405951	0.322223405951	0.322223405951	0.322223405951	0.322223405951	0.322223405951	0.322223405951
GO:0006629	lipid metabolic process	P	2296	5	8	0.322223405951	0.322223405951	0.322223405951	0.322223405951	5.25915695599e-20	0.322223405951	0.322223405951	0.322223405951	0.322223405951	0.322223405951	0.322223405951	0.322223405951	0.322223405951	0.322223405951	0.322223405951	0.322223405951
GO:0006970	response to osmotic stress	P	1495	26	29	0.322223405951	0.322223405951	9.08060784032e-08	0.322223405951	3.3225502879e-27	0.322223405951	2.9365168443e-12	3.65428956384e-06	0.322223405951	1.35270046702e-44	0.322223405951	0.322223405951	0.322223405951	0.322223405951	0.322223405951	0.322223405951
GO:0006979	response to oxidative stress	P	1179	11	12	0.322223405951	0.322223405951	2.14209438149e-13	0.322223405951	1.3262854745e-13	0.322223405951	1.02032267699e-06	1.90769611887e-05	0.322223405951	2.0809436725e-37	0.322223405951	0.322223405951	0.322223405951	0.0831989669294	0.322223405951	0.322223405951
GO:0044711	single-organism biosynthetic process	P	2693	21	36	0.322223405951	0.322223405951	0.0831989669294	0.322223405951	0.322223405951	0.322223405951	0.0831989669294	0.322223405951	0.322223405951	0.322223405951	0.322223405951	0.322223405951	0.322223405951	0.322223405951	0.322223405951	0.322223405951
GO:0009814	defense response, incompatible interaction	P	1219	8	13	0.322223405951	0.322223405951	0.322223405951	0.322223405951	0.322223405951	0.322223405951	0.322223405951	0.322223405951	0.322223405951	0.322223405951	0.322223405951	0.322223405951	0.322223405951	0.322223405951	0.322223405951	0.322223405951
GO:0070887	cellular response to chemical stimulus	P	2418	73	75	0.322223405951	0.322223405951	3.87084040482e-05	0.322223405951	3.7829484715e-36	0.0359956069139	2.75398642306e-25	1.23677666984e-12	0.322223405951	1.33944047689e-48	1.41522735512e-81	0.0237784661239	0.322223405951	0.0831989669294	0.322223405951	0.322223405951
GO:0048731	system development	P	3916	79	107	0.322223405951	0.322223405951	0.00013234126807	0.322223405951	8.14794330631e-58	0.322223405951	4.98943698882e-06	0.0324477786167	0.322223405951	0.0	0.322223405951	0.322223405951	0.322223405951	0.322223405951	0.322223405951	0.322223405951
GO:1901362	organic cyclic compound biosynthetic process	P	2513	14	21	0.322223405951	0.322223405951	0.00581006080354	0.322223405951	0.322223405951	0.322223405951	0.00486859939414	0.322223405951	0.322223405951	0.322223405951	0.322223405951	0.322223405951	0.322223405951	0.322223405951	0.322223405951	0.322223405951
GO:0015711	organic anion transport	P	707	4	6	0.322223405951	0.322223405951	0.322223405951	0.322223405951	0.322223405951	0.322223405951	0.322223405951	0.322223405951	0.322223405951	0.322223405951	0.322223405951	0.322223405951	0.322223405951	0.322223405951	0.322223405951	0.322223405951
GO:0043436	oxoacid metabolic process	P	2810	21	34	0.322223405951	0.322223405951	0.159386051975	0.322223405951	2.08079503272e-36	0.322223405951	0.18235161124	0.322223405951	0.322223405951	0.322223405951	0.322223405951	0.322223405951	0.322223405951	0.322223405951	0.322223405951	0.322223405951
GO:0016192	vesicle-mediated transport	P	1010	6	8	0.322223405951	0.322223405951	0.0443151771535	0.322223405951	4.95080181692e-21	0.322223405951	4.58988998979e-13	0.159386051975	0.322223405951	6.51038139831e-36	0.322223405951	0.322223405951	0.322223405951	0.322223405951	0.322223405951	0.322223405951
GO:0003676	nucleic acid binding	M	2641	117	134	0.322223405951	0.322223405951	1.44561528635e-37	0.322223405951	3.63280372899e-61	0.0215564654978	6.0841251048e-47	4.33356725658e-06	0.322223405951	1.29196241839e-60	0.0	0.159386051975	0.322223405951	0.322223405951	0.322223405951	0.322223405951
GO:0003677	DNA binding	M	1646	66	71	0.322223405951	0.322223405951	4.94593769597e-26	0.322223405951	9.66823109435e-52	8.74954116222e-05	1.77351469729e-40	0.00055667604589	0.322223405951	4.93697381828e-38	1.03168768598e-87	0.00100132738394	0.322223405951	0.322223405951	0.322223405951	0.322223405951
GO:0043412	macromolecule modification	P	3450	22	34	0.322223405951	0.322223405951	0.322223405951	0.322223405951	6.6417604813e-34	0.322223405951	1.57652063648e-28	0.322223405951	0.322223405951	0.0	0.322223405951	0.322223405951	0.322223405951	0.322223405951	0.322223405951	0.322223405951
GO:0048869	cellular developmental process	P	2133	14	24	0.322223405951	0.322223405951	0.0831989669294	0.322223405951	0.322223405951	0.322223405951	0.0958982917224	0.322223405951	0.322223405951	0.322223405951	0.322223405951	0.322223405951	0.322223405951	0.322223405951	0.322223405951	0.322223405951
GO:0051239	regulation of multicellular organismal process	P	1268	8	13	0.322223405951	0.322223405951	0.322223405951	0.322223405951	2.08079503272e-36	0.322223405951	0.322223405951	0.322223405951	0.322223405951	0.322223405951	0.322223405951	0.322223405951	0.322223405951	0.322223405951	0.322223405951	0.322223405951
GO:0051234	establishment of localization	P	4648	55	69	0.322223405951	0.322223405951	3.11213610075e-08	0.322223405951	1.65437022939e-43	0.322223405951	0.0627880808361	0.00191735286375	0.322223405951	0.0	0.322223405951	0.322223405951	0.322223405951	0.322223405951	0.322223405951	0.322223405951
GO:1901135	carbohydrate derivative metabolic process	P	1721	5	10	0.322223405951	0.322223405951	0.322223405951	0.322223405951	0.322223405951	0.322223405951	0.322223405951	0.322223405951	0.322223405951	0.322223405951	0.322223405951	0.322223405951	0.322223405951	0.322223405951	0.322223405951	0.322223405951
GO:0061458	reproductive system development	P	2318	29	45	0.322223405951	0.322223405951	0.0237784661239	0.322223405951	1.6038120569e-43	0.322223405951	0.0275225781496	0.322223405951	0.322223405951	0.322223405951	0.322223405951	0.322223405951	0.322223405951	0.322223405951	0.322223405951	0.322223405951
GO:0045935	positive regulation of nucleobase-containing compound metabolic process	P	612	12	13	0.322223405951	0.322223405951	4.54356771059e-08	0.322223405951	8.73106541999e-26	0.00100132738394	6.30688255677e-19	0.0831989669294	0.322223405951	7.97875537239e-17	0.0	0.000222086938225	0.322223405951	0.322223405951	0.322223405951	0.322223405951
GO:0048519	negative regulation of biological process	P	2139	41	51	0.322223405951	0.322223405951	6.13063738509e-06	0.322223405951	4.7348584993e-31	0.159386051975	6.2155900444e-29	0.000337139941643	0.322223405951	3.3343818062e-51	0.0	0.322223405951	0.322223405951	0.322223405951	0.322223405951	0.322223405951
GO:0002376	immune system process	P	1762	31	41	0.322223405951	0.322223405951	0.00071027482615	0.322223405951	1.15791250044e-37	0.322223405951	3.9144408345e-30	0.0127683316054	0.322223405951	0.0	0.0	0.322223405951	0.322223405951	0.322223405951	0.322223405951	0.322223405951
GO:0048646	anatomical structure formation involved in morphogenesis	P	2377	18	26	0.322223405951	0.322223405951	0.0237784661239	0.322223405951	0.322223405951	0.322223405951	0.0399362405568	0.322223405951	0.322223405951	0.322223405951	0.322223405951	0.322223405951	0.322223405951	0.322223405951	0.322223405951	0.322223405951
GO:0071495	cellular response to endogenous stimulus	P	1438	40	42	0.322223405951	0.322223405951	0.0115547077363	0.322223405951	8.29499384602e-27	0.0127683316054	3.14302393457e-18	3.40066454149e-08	0.322223405951	9.23289415069e-50	0.0	0.0127683316054	0.322223405951	0.159386051975	0.322223405951	0.322223405951
GO:1901575	organic substance catabolic process	P	2634	8	14	0.322223405951	0.322223405951	0.322223405951	0.322223405951	6.11008755686e-31	0.322223405951	0.322223405951	0.322223405951	0.322223405951	0.322223405951	0.322223405951	0.322223405951	0.322223405951	0.322223405951	0.322223405951	0.322223405951
GO:0022621	shoot system development	P	1062	12	19	0.322223405951	0.322223405951	0.0831989669294	0.322223405951	0.322223405951	0.322223405951	0.0831989669294	0.322223405951	0.322223405951	0.322223405951	0.322223405951	0.322223405951	0.322223405951	0.322223405951	0.322223405951	0.322223405951
GO:0002682	regulation of immune system process	P	1047	10	14	0.322223405951	0.322223405951	0.000516928494134	0.322223405951	0.322223405951	0.322223405951	0.000516928494134	0.322223405951	0.322223405951	0.322223405951	0.322223405951	0.322223405951	0.322223405951	0.322223405951	0.322223405951	0.322223405951
GO:0051707	response to other organism	P	2528	37	51	0.322223405951	0.322223405951	5.29285209073e-05	0.322223405951	1.10988761058e-30	0.322223405951	2.41884503358e-15	0.0831989669294	0.322223405951	6.51038139831e-36	0.322223405951	0.322223405951	0.322223405951	0.322223405951	0.322223405951	0.322223405951
GO:0051704	multi-organism process	P	2966	42	54	0.322223405951	0.322223405951	0.000608081917968	0.322223405951	1.48652998275e-37	0.322223405951	7.19038122941e-19	0.0443151771535	0.322223405951	0.0	0.322223405951	0.322223405951	0.322223405951	0.322223405951	0.322223405951	0.322223405951
GO:0009536	plastid	C	4500	6	9	0.322223405951	0.322223405951	0.322223405951	0.322223405951	0.322223405951	0.322223405951	0.322223405951	0.322223405951	0.322223405951	0.322223405951	0.322223405951	0.322223405951	0.322223405951	0.322223405951	0.322223405951	0.322223405951
GO:0016053	organic acid biosynthetic process	P	1910	13	24	0.322223405951	0.322223405951	0.322223405951	0.322223405951	0.322223405951	0.322223405951	0.322223405951	0.322223405951	0.322223405951	0.322223405951	0.322223405951	0.322223405951	0.322223405951	0.322223405951	0.322223405951	0.322223405951
GO:0006725	cellular aromatic compound metabolic process	P	4817	59	79	0.322223405951	0.322223405951	4.51435024123e-05	0.322223405951	0.322223405951	0.322223405951	3.07457239553e-05	0.322223405951	0.322223405951	0.322223405951	0.322223405951	0.322223405951	0.322223405951	0.322223405951	0.322223405951	0.322223405951
GO:0010103	stomatal complex morphogenesis	P	295	4	5	0.322223405951	0.322223405951	7.11990363961e-06	0.322223405951	0.322223405951	0.322223405951	7.11990363961e-06	0.322223405951	0.322223405951	0.322223405951	0.322223405951	0.322223405951	0.322223405951	0.322223405951	0.322223405951	0.322223405951
GO:0008270	zinc ion binding	M	1220	9	12	0.322223405951	0.322223405951	0.00013234126807	0.322223405951	1.54099463105e-08	0.322223405951	0.0642288786738	0.0831989669294	0.322223405951	1.35589531974e-31	0.322223405951	0.322223405951	0.322223405951	0.322223405951	0.322223405951	0.322223405951
GO:0070727	cellular macromolecule localization	P	1922	20	28	0.322223405951	0.322223405951	0.000263427746826	0.322223405951	2.08079503272e-36	0.322223405951	0.00030908996309	0.0443151771535	0.322223405951	0.322223405951	0.322223405951	0.322223405951	0.322223405951	0.322223405951	0.322223405951	0.322223405951
GO:0045893	positive regulation of transcription, DNA-dependent	P	603	9	8	0.322223405951	0.322223405951	6.54588810556e-05	0.322223405951	1.0216545696e-19	0.00191735286375	3.52379233254e-08	0.322223405951	0.322223405951	1.53738275755e-06	2.71690605285e-43	1.18332211269e-05	0.322223405951	0.322223405951	0.322223405951	0.322223405951
GO:0006886	intracellular protein transport	P	1834	18	26	0.322223405951	0.322223405951	0.00341089118295	0.322223405951	3.50251410762e-34	0.322223405951	0.00157177540832	0.0443151771535	0.322223405951	0.322223405951	0.322223405951	0.322223405951	0.322223405951	0.322223405951	0.322223405951	0.322223405951
GO:0016070	RNA metabolic process	P	1993	5	9	0.322223405951	0.322223405951	0.322223405951	0.322223405951	0.322223405951	0.322223405951	0.322223405951	0.322223405951	0.322223405951	0.322223405951	0.322223405951	0.322223405951	0.322223405951	0.322223405951	0.322223405951	0.322223405951
GO:0006865	amino acid transport	P	631	4	6	0.322223405951	0.322223405951	0.322223405951	0.322223405951	0.322223405951	0.322223405951	0.322223405951	0.322223405951	0.322223405951	0.322223405951	0.322223405951	0.322223405951	0.322223405951	0.322223405951	0.322223405951	0.322223405951
GO:0045088	regulation of innate immune response	P	1041	10	14	0.322223405951	0.322223405951	0.00683340014957	0.322223405951	0.322223405951	0.322223405951	0.00683340014957	0.322223405951	0.322223405951	0.322223405951	0.322223405951	0.322223405951	0.322223405951	0.322223405951	0.322223405951	0.322223405951
GO:0003700	sequence-specific DNA binding transcription factor activity	M	1374	58	56	0.322223405951	0.322223405951	7.30013991054e-25	0.322223405951	1.11403142231e-50	1.04911913662e-05	1.00168660942e-30	0.0127683316054	0.322223405951	2.87584569486e-20	5.04266951122e-83	3.85412736529e-06	0.322223405951	0.322223405951	0.322223405951	0.322223405951
GO:0010363	regulation of plant-type hypersensitive response	P	956	10	14	0.322223405951	0.322223405951	0.00104064971613	0.322223405951	0.322223405951	0.322223405951	0.00104064971613	0.322223405951	0.322223405951	0.322223405951	0.322223405951	0.322223405951	0.322223405951	0.322223405951	0.322223405951	0.322223405951
GO:0001071	nucleic acid binding transcription factor activity	M	1374	58	56	0.322223405951	0.322223405951	3.37965830829e-25	0.322223405951	3.65285194175e-48	9.26784949573e-06	8.34740801753e-30	0.0237784661239	0.322223405951	1.50884755652e-18	3.17559057825e-90	6.77501349114e-06	0.322223405951	0.322223405951	0.322223405951	0.322223405951
GO:0010033	response to organic substance	P	4125	172	179	0.322223405951	0.322223405951	5.66563448622e-07	0.322223405951	9.83809364825e-52	0.159386051975	7.09002183747e-32	2.64597993288e-15	0.322223405951	2.01518954501e-67	0.0	0.322223405951	0.322223405951	0.18235161124	0.322223405951	0.322223405951
GO:0006139	nucleobase-containing compound metabolic process	P	3485	21	32	0.322223405951	0.322223405951	0.0831989669294	0.322223405951	0.322223405951	0.322223405951	0.103000037411	0.322223405951	0.322223405951	0.322223405951	0.322223405951	0.322223405951	0.322223405951	0.322223405951	0.322223405951	0.322223405951
GO:0009725	response to hormone stimulus	P	2484	83	87	0.322223405951	0.322223405951	8.62590466178e-08	0.322223405951	4.38662980464e-33	0.00542358403224	1.41135743535e-21	5.24359502391e-09	0.322223405951	2.91417935421e-49	0.0	0.322223405951	0.322223405951	0.18235161124	0.322223405951	0.322223405951
GO:0009723	response to ethylene stimulus	P	770	9	12	0.322223405951	0.322223405951	1.44397859054e-09	0.322223405951	0.322223405951	0.322223405951	1.44397859054e-09	0.322223405951	0.322223405951	0.322223405951	0.322223405951	0.322223405951	0.322223405951	0.322223405951	0.322223405951	0.322223405951
GO:0019752	carboxylic acid metabolic process	P	2797	21	34	0.322223405951	0.322223405951	0.0237784661239	0.322223405951	2.47484072705e-39	0.322223405951	0.0310373447094	0.322223405951	0.322223405951	0.322223405951	0.322223405951	0.322223405951	0.322223405951	0.322223405951	0.322223405951	0.322223405951
GO:0007154	cell communication	P	3251	96	104	0.322223405951	0.322223405951	0.0234435686965	0.322223405951	2.16333197176e-36	0.00842131660583	3.10079903818e-29	4.86887093862e-11	0.322223405951	6.66442631625e-49	7.27425783604e-85	0.0443151771535	0.322223405951	0.159386051975	0.322223405951	0.322223405951
GO:0072330	monocarboxylic acid biosynthetic process	P	1356	6	10	0.322223405951	0.322223405951	0.0443151771535	0.322223405951	0.322223405951	0.322223405951	0.0443151771535	0.322223405951	0.322223405951	0.322223405951	0.322223405951	0.322223405951	0.322223405951	0.322223405951	0.322223405951	0.322223405951
GO:0009266	response to temperature stimulus	P	1600	12	18	0.322223405951	0.322223405951	0.322223405951	0.322223405951	1.43182816681e-21	0.322223405951	8.99297608592e-21	0.322223405951	0.322223405951	2.71690605285e-43	0.322223405951	0.322223405951	0.322223405951	0.322223405951	0.322223405951	0.322223405951
GO:0048367	shoot development	P	1059	12	19	0.322223405951	0.322223405951	0.159386051975	0.322223405951	0.322223405951	0.322223405951	0.159386051975	0.322223405951	0.322223405951	0.322223405951	0.322223405951	0.322223405951	0.322223405951	0.322223405951	0.322223405951	0.322223405951
GO:0005829	cytosol	C	2806	5	8	0.322223405951	0.322223405951	0.322223405951	0.322223405951	0.322223405951	0.322223405951	0.322223405951	0.322223405951	0.322223405951	0.322223405951	0.322223405951	0.322223405951	0.322223405951	0.322223405951	0.322223405951	0.322223405951
GO:0048608	reproductive structure development	P	2318	29	45	0.322223405951	0.322223405951	0.159386051975	0.322223405951	8.83972629e-51	0.322223405951	0.159386051975	0.322223405951	0.322223405951	0.322223405951	0.322223405951	0.322223405951	0.322223405951	0.322223405951	0.322223405951	0.322223405951
GO:0022414	reproductive process	P	3187	40	58	0.322223405951	0.322223405951	0.00352638864276	0.322223405951	1.6038120569e-43	0.322223405951	0.00191735286376	0.322223405951	0.322223405951	0.322223405951	0.322223405951	0.322223405951	0.322223405951	0.322223405951	0.322223405951	0.322223405951
GO:0019222	regulation of metabolic process	P	3854	231	243	0.322223405951	0.322223405951	2.23166911843e-16	0.322223405951	8.73309224337e-69	0.0443151771535	0.000113480441864	1.62699698471e-12	0.322223405951	2.47961415376e-68	0.0	0.322223405951	0.322223405951	0.322223405951	0.322223405951	0.322223405951
GO:1901564	organonitrogen compound metabolic process	P	2355	7	13	0.322223405951	0.322223405951	0.322223405951	0.322223405951	0.322223405951	0.322223405951	0.322223405951	0.322223405951	0.322223405951	0.322223405951	0.322223405951	0.322223405951	0.322223405951	0.322223405951	0.322223405951	0.322223405951
GO:1901566	organonitrogen compound biosynthetic process	P	1615	4	8	0.322223405951	0.322223405951	0.322223405951	0.322223405951	0.322223405951	0.322223405951	0.322223405951	0.322223405951	0.322223405951	0.322223405951	0.322223405951	0.322223405951	0.322223405951	0.322223405951	0.322223405951	0.322223405951
GO:0080090	regulation of primary metabolic process	P	3164	186	189	0.322223405951	0.322223405951	4.66553155775e-21	0.322223405951	9.79576429001e-69	0.117621821407	4.36477499583e-17	1.09667603319e-11	0.322223405951	1.58018057764e-69	0.0	0.159386051975	0.322223405951	0.322223405951	0.322223405951	0.322223405951
GO:0006820	anion transport	P	1092	9	11	0.322223405951	0.322223405951	1.65314134372e-10	0.322223405951	0.322223405951	0.322223405951	1.94985423277e-10	0.322223405951	0.322223405951	0.322223405951	0.322223405951	0.322223405951	0.322223405951	0.322223405951	0.322223405951	0.322223405951
GO:0043565	sequence-specific DNA binding	M	368	14	14	0.322223405951	0.322223405951	6.54588810556e-05	0.322223405951	8.33888699863e-25	0.00191735286375	9.10922680339e-13	0.322223405951	0.322223405951	2.28013710602e-16	1.35589531974e-31	0.00013234126807	0.322223405951	0.322223405951	0.322223405951	0.322223405951
GO:0006464	cellular protein modification process	P	2986	16	27	0.322223405951	0.322223405951	0.322223405951	0.322223405951	2.3552980487e-19	0.322223405951	1.02476393074e-13	0.322223405951	0.322223405951	6.51038139831e-36	0.322223405951	0.322223405951	0.322223405951	0.322223405951	0.322223405951	0.322223405951
GO:0048856	anatomical structure development	P	4529	97	127	0.322223405951	0.322223405951	1.87794201685e-06	0.322223405951	3.32841831968e-48	0.322223405951	1.91631962201e-12	0.00683340014957	0.322223405951	1.27916907198e-60	0.322223405951	0.322223405951	0.322223405951	0.322223405951	0.322223405951	0.322223405951
GO:0006807	nitrogen compound metabolic process	P	4683	42	60	0.322223405951	0.322223405951	0.0831989669294	0.322223405951	0.322223405951	0.322223405951	0.128782087509	0.322223405951	0.322223405951	0.322223405951	0.322223405951	0.322223405951	0.322223405951	0.322223405951	0.322223405951	0.322223405951
GO:0022607	cellular component assembly	P	1192	4	5	0.322223405951	0.322223405951	2.39601204286e-09	0.322223405951	0.322223405951	0.322223405951	2.39601204286e-09	0.322223405951	0.322223405951	0.322223405951	0.322223405951	0.322223405951	0.322223405951	0.322223405951	0.322223405951	0.322223405951
GO:0048468	cell development	P	1385	5	9	0.322223405951	0.322223405951	0.322223405951	0.322223405951	0.322223405951	0.322223405951	0.322223405951	0.322223405951	0.322223405951	0.322223405951	0.322223405951	0.322223405951	0.322223405951	0.322223405951	0.322223405951	0.322223405951
GO:0010243	response to organic nitrogen	P	979	15	20	0.322223405951	0.322223405951	0.000246066842432	0.322223405951	2.88191080739e-30	0.322223405951	5.06548287149e-12	0.0443151771535	0.322223405951	2.71690605285e-43	0.322223405951	0.322223405951	0.322223405951	0.322223405951	0.322223405951	0.322223405951
GO:0046907	intracellular transport	P	2345	25	33	0.322223405951	0.322223405951	1.01658743563e-06	0.322223405951	4.65646480216e-39	0.322223405951	0.0253029021709	0.0127683316054	0.322223405951	0.0	0.322223405951	0.322223405951	0.322223405951	0.322223405951	0.322223405951	0.322223405951
GO:0065008	regulation of biological quality	P	1863	4	8	0.322223405951	0.322223405951	0.322223405951	0.322223405951	0.322223405951	0.322223405951	0.322223405951	0.322223405951	0.322223405951	0.322223405951	0.322223405951	0.322223405951	0.322223405951	0.322223405951	0.322223405951	0.322223405951
GO:0010468	regulation of gene expression	P	2751	128	145	0.322223405951	0.322223405951	4.10982326796e-34	0.322223405951	5.29014302734e-61	0.0673468289659	4.16419615405e-50	0.000112302299792	0.322223405951	1.57039964627e-59	0.0	0.0443151771535	0.322223405951	0.322223405951	0.322223405951	0.322223405951
GO:0044281	small molecule metabolic process	P	3994	33	48	0.322223405951	0.322223405951	0.000320828025262	0.322223405951	1.6038120569e-43	0.322223405951	0.00055667604589	0.322223405951	0.322223405951	0.322223405951	0.322223405951	0.322223405951	0.322223405951	0.322223405951	0.322223405951	0.322223405951
GO:0009887	organ morphogenesis	P	837	6	10	0.322223405951	0.322223405951	0.322223405951	0.322223405951	0.322223405951	0.322223405951	0.322223405951	0.322223405951	0.322223405951	0.322223405951	0.322223405951	0.322223405951	0.322223405951	0.322223405951	0.322223405951	0.322223405951
GO:0000302	response to reactive oxygen species	P	786	7	8	0.322223405951	0.322223405951	4.44057809214e-07	0.322223405951	1.20407859519e-14	0.322223405951	0.203936163206	0.000293282185123	0.322223405951	1.35589531974e-31	0.322223405951	0.322223405951	0.322223405951	0.322223405951	0.322223405951	0.322223405951
GO:0009886	post-embryonic morphogenesis	P	805	5	7	0.322223405951	0.322223405951	0.000516928494134	0.322223405951	0.322223405951	0.322223405951	0.000516928494134	0.322223405951	0.322223405951	0.322223405951	0.322223405951	0.322223405951	0.322223405951	0.322223405951	0.322223405951	0.322223405951
GO:0097305	response to alcohol	P	1250	30	34	0.322223405951	0.322223405951	5.26347445432e-11	0.322223405951	1.02642681747e-25	0.0237784661239	2.71094856902e-11	4.0281526975e-07	0.322223405951	1.79987775812e-39	0.0	0.0443151771535	0.322223405951	0.322223405951	0.322223405951	0.322223405951
GO:0097306	cellular response to alcohol	P	611	14	15	0.322223405951	0.322223405951	5.71480143159e-08	0.322223405951	3.225315405e-14	0.0831989669294	0.00612266406049	6.54588810556e-05	0.322223405951	9.20328873506e-33	2.71690605285e-43	0.322223405951	0.322223405951	0.322223405951	0.322223405951	0.322223405951
GO:0009416	response to light stimulus	P	1919	45	58	0.322223405951	0.322223405951	1.26971904885e-06	0.322223405951	3.95651906614e-41	0.322223405951	0.0946304052887	0.0831989669294	0.322223405951	0.0	0.322223405951	0.322223405951	0.322223405951	0.322223405951	0.322223405951	0.322223405951
GO:0009414	response to water deprivation	P	749	10	13	0.322223405951	0.322223405951	0.322223405951	0.322223405951	1.42737457276e-10	0.322223405951	4.54356771059e-08	0.322223405951	0.322223405951	6.51038139831e-36	0.322223405951	0.322223405951	0.322223405951	0.322223405951	0.322223405951	0.322223405951
GO:0009415	response to water stimulus	P	754	10	13	0.322223405951	0.322223405951	0.322223405951	0.322223405951	5.06470995323e-08	0.322223405951	6.54588810556e-05	0.322223405951	0.322223405951	1.35589531974e-31	0.322223405951	0.322223405951	0.322223405951	0.322223405951	0.322223405951	0.322223405951
GO:0030968	endoplasmic reticulum unfolded protein response	P	397	5	9	0.322223405951	0.322223405951	0.322223405951	0.322223405951	0.322223405951	0.322223405951	0.322223405951	0.322223405951	0.322223405951	0.322223405951	0.322223405951	0.322223405951	0.322223405951	0.322223405951	0.322223405951	0.322223405951
GO:0009889	regulation of biosynthetic process	P	2915	140	153	0.322223405951	0.322223405951	3.17236741e-28	0.322223405951	4.58788632591e-63	0.0505533969031	4.4455148248e-50	1.50820162568e-06	0.322223405951	3.28627523099e-61	0.0	0.0237784661239	0.322223405951	0.322223405951	0.322223405951	0.322223405951
GO:0009888	tissue development	P	1898	15	22	0.322223405951	0.322223405951	0.0237784661239	0.322223405951	0.322223405951	0.322223405951	0.0324477786167	0.322223405951	0.322223405951	0.322223405951	0.322223405951	0.322223405951	0.322223405951	0.322223405951	0.322223405951	0.322223405951
GO:0009628	response to abiotic stimulus	P	4212	133	147	0.322223405951	0.322223405951	1.79118138596e-09	0.322223405951	1.10577060936e-57	0.322223405951	2.0292000458e-05	5.69760813687e-11	0.322223405951	0.0	0.0	0.322223405951	0.322223405951	0.322223405951	0.322223405951	0.322223405951
GO:0009620	response to fungus	P	1112	12	16	0.322223405951	0.322223405951	9.21383430388e-05	0.322223405951	0.322223405951	0.322223405951	4.16949626044e-05	0.322223405951	0.322223405951	0.322223405951	0.322223405951	0.322223405951	0.322223405951	0.322223405951	0.322223405951	0.322223405951
GO:0009627	systemic acquired resistance	P	1081	7	11	0.322223405951	0.322223405951	0.00363470385034	0.322223405951	0.322223405951	0.322223405951	0.00363470385034	0.322223405951	0.322223405951	0.322223405951	0.322223405951	0.322223405951	0.322223405951	0.322223405951	0.322223405951	0.322223405951
GO:0033554	cellular response to stress	P	2056	26	41	0.322223405951	0.322223405951	0.322223405951	0.322223405951	1.91830388882e-26	0.322223405951	1.626631332e-24	0.322223405951	0.322223405951	0.0	0.322223405951	0.322223405951	0.322223405951	0.322223405951	0.322223405951	0.322223405951
GO:0050776	regulation of immune response	P	1044	10	14	0.322223405951	0.322223405951	0.000222086938225	0.322223405951	0.322223405951	0.322223405951	0.000222086938225	0.322223405951	0.322223405951	0.322223405951	0.322223405951	0.322223405951	0.322223405951	0.322223405951	0.322223405951	0.322223405951
GO:0010200	response to chitin	P	947	15	20	0.322223405951	0.322223405951	0.0193301128275	0.322223405951	3.67906062057e-33	0.322223405951	1.52296095201e-15	0.159386051975	0.322223405951	0.0	0.322223405951	0.322223405951	0.322223405951	0.322223405951	0.322223405951	0.322223405951
GO:0006984	ER-nucleus signaling pathway	P	415	5	9	0.322223405951	0.322223405951	0.322223405951	0.322223405951	0.322223405951	0.322223405951	0.322223405951	0.322223405951	0.322223405951	0.322223405951	0.322223405951	0.322223405951	0.322223405951	0.322223405951	0.322223405951	0.322223405951
GO:0006986	response to unfolded protein	P	400	5	9	0.322223405951	0.322223405951	0.322223405951	0.322223405951	0.322223405951	0.322223405951	0.322223405951	0.322223405951	0.322223405951	0.322223405951	0.322223405951	0.322223405951	0.322223405951	0.322223405951	0.322223405951	0.322223405951
GO:0009605	response to external stimulus	P	1542	6	12	0.322223405951	0.322223405951	0.322223405951	0.322223405951	0.322223405951	0.322223405951	0.322223405951	0.322223405951	0.322223405951	0.322223405951	0.322223405951	0.322223405951	0.322223405951	0.322223405951	0.322223405951	0.322223405951
GO:0010228	vegetative to reproductive phase transition of meristem	P	744	7	12	0.322223405951	0.322223405951	0.322223405951	0.322223405951	3.31636311569e-26	0.322223405951	0.322223405951	0.322223405951	0.322223405951	0.322223405951	0.322223405951	0.322223405951	0.322223405951	0.322223405951	0.322223405951	0.322223405951
GO:0051179	localization	P	4860	59	73	0.322223405951	0.322223405951	7.60424845537e-08	0.322223405951	9.72376422467e-48	0.322223405951	0.0323127294017	0.0324477786167	0.322223405951	0.0	0.322223405951	0.322223405951	0.322223405951	0.322223405951	0.322223405951	0.322223405951
GO:0048585	negative regulation of response to stimulus	P	796	13	16	0.322223405951	0.322223405951	0.000432446749279	0.322223405951	2.32316402969e-21	0.159386051975	2.58401317675e-13	0.159386051975	0.322223405951	1.15257191614e-34	0.0	0.322223405951	0.322223405951	0.322223405951	0.322223405951	0.322223405951
GO:0048583	regulation of response to stimulus	P	1515	31	34	0.322223405951	0.322223405951	0.0655984910567	0.322223405951	3.49011562135e-31	0.159386051975	9.74342259452e-23	3.88197299246e-05	0.322223405951	1.92652423325e-41	0.0	0.0831989669294	0.322223405951	0.159386051975	0.322223405951	0.322223405951
GO:0035967	cellular response to topologically incorrect protein	P	400	5	9	0.322223405951	0.322223405951	0.322223405951	0.322223405951	0.322223405951	0.322223405951	0.322223405951	0.322223405951	0.322223405951	0.322223405951	0.322223405951	0.322223405951	0.322223405951	0.322223405951	0.322223405951	0.322223405951
GO:0060255	regulation of macromolecule metabolic process	P	2962	166	172	0.322223405951	0.322223405951	1.51513069211e-25	0.322223405951	8.49152464138e-65	0.0249426367135	8.61408581398e-18	1.7860275173e-09	0.322223405951	1.5330852395e-57	0.0	0.322223405951	0.322223405951	0.322223405951	0.322223405951	0.322223405951
GO:0006612	protein targeting to membrane	P	972	10	14	0.322223405951	0.322223405951	0.000516928494134	0.322223405951	0.322223405951	0.322223405951	0.000516928494134	0.322223405951	0.322223405951	0.322223405951	0.322223405951	0.322223405951	0.322223405951	0.322223405951	0.322223405951	0.322223405951
GO:0023052	signaling	P	2837	88	95	0.322223405951	0.322223405951	0.00191161515602	0.322223405951	2.65645987418e-35	0.0031428688551	8.22721716426e-29	1.02113246754e-07	0.322223405951	1.04991036123e-47	0.0	0.322223405951	0.322223405951	0.322223405951	0.322223405951	0.322223405951
GO:0034976	response to endoplasmic reticulum stress	P	770	7	13	0.322223405951	0.322223405951	0.322223405951	0.322223405951	0.322223405951	0.322223405951	0.322223405951	0.322223405951	0.322223405951	0.322223405951	0.322223405951	0.322223405951	0.322223405951	0.322223405951	0.322223405951	0.322223405951
GO:0048569	post-embryonic organ development	P	1090	4	8	0.322223405951	0.322223405951	0.322223405951	0.322223405951	0.322223405951	0.322223405951	0.322223405951	0.322223405951	0.322223405951	0.322223405951	0.322223405951	0.322223405951	0.322223405951	0.322223405951	0.322223405951	0.322223405951
GO:0009863	salicylic acid mediated signaling pathway	P	892	12	18	0.322223405951	0.322223405951	0.0237784661239	0.322223405951	0.322223405951	0.322223405951	0.0237784661239	0.322223405951	0.322223405951	0.322223405951	0.322223405951	0.322223405951	0.322223405951	0.322223405951	0.322223405951	0.322223405951
GO:0009867	jasmonic acid mediated signaling pathway	P	695	4	7	0.322223405951	0.322223405951	0.322223405951	0.322223405951	0.322223405951	0.322223405951	0.322223405951	0.322223405951	0.322223405951	0.322223405951	0.322223405951	0.322223405951	0.322223405951	0.322223405951	0.322223405951	0.322223405951
GO:0044255	cellular lipid metabolic process	P	1796	5	8	0.322223405951	0.322223405951	0.322223405951	0.322223405951	3.99709732587e-11	0.322223405951	0.322223405951	0.322223405951	0.322223405951	0.322223405951	0.322223405951	0.322223405951	0.322223405951	0.322223405951	0.322223405951	0.322223405951
GO:0009642	response to light intensity	P	538	4	6	0.322223405951	0.322223405951	0.322223405951	0.322223405951	5.03360672364e-16	0.322223405951	0.322223405951	0.322223405951	0.322223405951	0.322223405951	0.322223405951	0.322223405951	0.322223405951	0.322223405951	0.322223405951	0.322223405951
GO:2000112	regulation of cellular macromolecule biosynthetic process	P	2583	114	123	0.322223405951	0.322223405951	3.72108069943e-34	0.322223405951	2.05329628801e-58	0.00662724763458	8.68760999077e-48	0.000178845597979	0.322223405951	1.77805186473e-54	0.0	0.0237784661239	0.322223405951	0.322223405951	0.322223405951	0.322223405951
GO:0050793	regulation of developmental process	P	1465	11	19	0.322223405951	0.322223405951	0.322223405951	0.322223405951	8.70917218252e-26	0.322223405951	0.322223405951	0.322223405951	0.322223405951	0.322223405951	0.322223405951	0.322223405951	0.322223405951	0.322223405951	0.322223405951	0.322223405951
GO:0006631	fatty acid metabolic process	P	850	4	6	0.322223405951	0.322223405951	0.322223405951	0.322223405951	1.48369364747e-16	0.322223405951	0.322223405951	0.322223405951	0.322223405951	0.322223405951	0.322223405951	0.322223405951	0.322223405951	0.322223405951	0.322223405951	0.322223405951
GO:0046942	carboxylic acid transport	P	689	4	6	0.322223405951	0.322223405951	0.322223405951	0.322223405951	0.322223405951	0.322223405951	0.322223405951	0.322223405951	0.322223405951	0.322223405951	0.322223405951	0.322223405951	0.322223405951	0.322223405951	0.322223405951	0.322223405951
GO:0035556	intracellular signal transduction	P	940	11	18	0.322223405951	0.322223405951	0.0237784661239	0.322223405951	0.322223405951	0.322223405951	0.0237784661239	0.322223405951	0.322223405951	0.322223405951	0.322223405951	0.322223405951	0.322223405951	0.322223405951	0.322223405951	0.322223405951
GO:0044700	single organism signaling	P	2833	88	95	0.322223405951	0.322223405951	0.164545893985	0.322223405951	8.23953099133e-36	0.00291833430858	2.28223555032e-30	1.54838410354e-11	0.322223405951	2.51023095097e-52	0.0	0.159386051975	0.322223405951	0.0831989669294	0.322223405951	0.322223405951
GO:0044702	single organism reproductive process	P	1434	4	8	0.322223405951	0.322223405951	0.322223405951	0.322223405951	0.322223405951	0.322223405951	0.322223405951	0.322223405951	0.322223405951	0.322223405951	0.322223405951	0.322223405951	0.322223405951	0.322223405951	0.322223405951	0.322223405951
GO:0006355	regulation of transcription, DNA-dependent	P	2455	109	119	0.322223405951	0.322223405951	1.47523505725e-33	0.322223405951	2.64536075678e-59	0.00291833430858	3.99535786765e-50	0.000625201827511	0.322223405951	1.48946753431e-53	0.0	0.0062468001227	0.322223405951	0.322223405951	0.322223405951	0.322223405951
GO:0009611	response to wounding	P	758	6	8	0.322223405951	0.322223405951	0.000516928494134	0.322223405951	0.322223405951	0.322223405951	0.000516928494134	0.322223405951	0.322223405951	0.322223405951	0.322223405951	0.322223405951	0.322223405951	0.322223405951	0.322223405951	0.322223405951
GO:0043167	ion binding	M	4975	30	42	0.322223405951	0.322223405951	0.0127683316054	0.322223405951	4.38268029952e-19	0.322223405951	7.51555816006e-15	0.322223405951	0.322223405951	1.11095140725e-37	0.322223405951	0.322223405951	0.322223405951	0.322223405951	0.322223405951	0.322223405951
GO:0019438	aromatic compound biosynthetic process	P	2142	12	18	0.322223405951	0.322223405951	0.00258717494951	0.322223405951	0.322223405951	0.322223405951	0.00191735286375	0.322223405951	0.322223405951	0.322223405951	0.322223405951	0.322223405951	0.322223405951	0.322223405951	0.322223405951	0.322223405951
GO:0044723	single-organism carbohydrate metabolic process	P	2389	9	16	0.322223405951	0.322223405951	0.159386051975	0.322223405951	0.322223405951	0.322223405951	0.159386051975	0.322223405951	0.322223405951	0.322223405951	0.322223405951	0.322223405951	0.322223405951	0.322223405951	0.322223405951	0.322223405951
GO:0048513	organ development	P	3123	40	60	0.322223405951	0.322223405951	0.0569340922993	0.322223405951	0.322223405951	0.322223405951	0.0569340922993	0.322223405951	0.322223405951	0.322223405951	0.322223405951	0.322223405951	0.322223405951	0.322223405951	0.322223405951	0.322223405951
GO:0048518	positive regulation of biological process	P	1640	30	39	0.322223405951	0.322223405951	7.48356385556e-11	0.322223405951	8.81915794231e-37	0.159386051975	7.18165582325e-29	0.0237784661239	0.322223405951	1.21658501998e-34	0.0	0.322223405951	0.322223405951	0.322223405951	0.322223405951	0.322223405951
GO:0009737	response to abscisic acid stimulus	P	1067	24	27	0.322223405951	0.322223405951	5.12557926556e-10	0.322223405951	3.55786240925e-24	0.0237784661239	1.91595983556e-10	6.97968346702e-08	0.322223405951	1.09624571523e-41	0.0	0.0831989669294	0.322223405951	0.322223405951	0.322223405951	0.322223405951
GO:0048523	negative regulation of cellular process	P	1455	17	22	0.322223405951	0.322223405951	0.000152058738213	0.322223405951	1.7009229117e-20	0.0237784661239	5.50664907696e-19	0.322223405951	0.322223405951	1.92100399555e-27	0.0	0.322223405951	0.322223405951	0.322223405951	0.322223405951	0.322223405951
GO:0048522	positive regulation of cellular process	P	1401	27	34	0.322223405951	0.322223405951	5.83101260891e-08	0.322223405951	7.4099320783e-33	0.0127683316054	2.34910481119e-22	0.0237784661239	0.322223405951	7.84480675875e-32	0.0	0.159386051975	0.322223405951	0.322223405951	0.322223405951	0.322223405951
GO:0009738	abscisic acid mediated signaling pathway	P	486	10	10	0.322223405951	0.322223405951	0.322223405951	0.322223405951	9.70243861943e-12	0.0831989669294	1.46342071252e-06	0.322223405951	0.322223405951	1.63749234536e-30	0.0	0.322223405951	0.322223405951	0.322223405951	0.322223405951	0.322223405951
GO:2001141	regulation of RNA biosynthetic process	P	2455	109	119	0.322223405951	0.322223405951	2.70810551638e-33	0.322223405951	7.62742603506e-63	0.031111980225	1.90812967225e-53	6.77501349114e-06	0.322223405951	3.12297696036e-63	0.0	0.0443151771535	0.322223405951	0.322223405951	0.322223405951	0.322223405951
GO:0032870	cellular response to hormone stimulus	P	1434	40	42	0.322223405951	0.322223405951	0.000109760214992	0.322223405951	4.00780416432e-25	2.17733123497e-05	6.49564335914e-17	7.95523548597e-11	0.322223405951	9.5501493321e-43	1.41522735512e-81	0.322223405951	0.322223405951	0.00683340014957	0.322223405951	0.322223405951
GO:0071369	cellular response to ethylene stimulus	P	318	4	6	0.322223405951	0.322223405951	0.322223405951	0.322223405951	0.322223405951	0.322223405951	0.322223405951	0.322223405951	0.322223405951	0.322223405951	0.322223405951	0.322223405951	0.322223405951	0.322223405951	0.322223405951	0.322223405951
GO:0080134	regulation of response to stress	P	1269	15	21	0.322223405951	0.322223405951	0.00155669414171	0.322223405951	4.18593276769e-22	0.322223405951	1.80444052093e-12	0.0831989669294	0.322223405951	0.0	0.322223405951	0.322223405951	0.322223405951	0.322223405951	0.322223405951	0.322223405951
GO:0048507	meristem development	P	885	5	8	0.322223405951	0.322223405951	0.322223405951	0.322223405951	0.322223405951	0.322223405951	0.322223405951	0.322223405951	0.322223405951	0.322223405951	0.322223405951	0.322223405951	0.322223405951	0.322223405951	0.322223405951	0.322223405951
GO:0036211	protein modification process	P	2986	16	27	0.322223405951	0.322223405951	0.322223405951	0.322223405951	1.77723838209e-29	0.322223405951	3.90677611473e-21	0.322223405951	0.322223405951	0.0	0.322223405951	0.322223405951	0.322223405951	0.322223405951	0.322223405951	0.322223405951
GO:0015031	protein transport	P	1929	18	26	0.322223405951	0.322223405951	0.000184284174979	0.322223405951	8.52403756829e-33	0.322223405951	0.00013234126807	0.159386051975	0.322223405951	0.322223405951	0.322223405951	0.322223405951	0.322223405951	0.322223405951	0.322223405951	0.322223405951
GO:0051716	cellular response to stimulus	P	4131	123	133	0.322223405951	0.322223405951	0.0187118844549	0.322223405951	1.37377765885e-45	0.00963349578038	7.12500884814e-31	1.56954813557e-08	0.322223405951	1.34488133646e-52	0.0	0.159386051975	0.322223405951	0.0579656115364	0.322223405951	0.322223405951
GO:0048316	seed development	P	1113	7	12	0.322223405951	0.322223405951	0.322223405951	0.322223405951	0.322223405951	0.322223405951	0.322223405951	0.322223405951	0.322223405951	0.322223405951	0.322223405951	0.322223405951	0.322223405951	0.322223405951	0.322223405951	0.322223405951
GO:0007275	multicellular organismal development	P	4917	128	158	0.322223405951	0.322223405951	0.881949789475	0.322223405951	6.9472898663e-44	0.322223405951	2.13828295502e-29	4.33356725658e-06	0.322223405951	8.24223660539e-64	0.0	0.322223405951	0.322223405951	0.322223405951	0.322223405951	0.322223405951
GO:0044767	single-organism developmental process	P	3833	47	71	0.322223405951	0.322223405951	0.0237784661239	0.322223405951	0.322223405951	0.322223405951	0.0262642054244	0.322223405951	0.322223405951	0.322223405951	0.322223405951	0.322223405951	0.322223405951	0.322223405951	0.322223405951	0.322223405951
GO:1901700	response to oxygen-containing compound	P	3820	130	138	0.322223405951	0.322223405951	1.33677060046e-12	0.322223405951	3.33780157782e-47	0.0958982917224	9.26156400404e-12	2.3618220252e-13	0.322223405951	5.94740447479e-62	0.0	0.322223405951	0.322223405951	0.322223405951	0.322223405951	0.322223405951
GO:1901701	cellular response to oxygen-containing compound	P	1797	44	45	0.322223405951	0.322223405951	4.20608694574e-09	0.322223405951	3.51115081403e-30	0.000479942221349	5.96715430932e-22	3.96542844322e-09	0.322223405951	2.52858320893e-43	0.0	0.0831989669294	0.322223405951	0.00363470385034	0.322223405951	0.322223405951
GO:0009607	response to biotic stimulus	P	2541	37	51	0.322223405951	0.322223405951	0.00224085073863	0.322223405951	2.3104568148e-40	0.322223405951	6.62619773026e-22	0.322223405951	0.322223405951	0.0	0.322223405951	0.322223405951	0.322223405951	0.322223405951	0.322223405951	0.322223405951
GO:0009314	response to radiation	P	2016	45	58	0.322223405951	0.322223405951	0.000112302299792	0.322223405951	4.1473611395e-43	0.322223405951	0.696305819469	0.0443151771535	0.322223405951	0.0	0.322223405951	0.322223405951	0.322223405951	0.322223405951	0.322223405951	0.322223405951
GO:0009059	macromolecule biosynthetic process	P	2764	10	17	0.322223405951	0.322223405951	0.322223405951	0.322223405951	5.97713671394e-21	0.322223405951	8.4478180335e-17	0.322223405951	0.322223405951	1.35589531974e-31	0.322223405951	0.322223405951	0.322223405951	0.322223405951	0.322223405951	0.322223405951
GO:0051171	regulation of nitrogen compound metabolic process	P	2670	125	141	0.322223405951	0.322223405951	5.8816364542e-33	0.322223405951	1.11343714736e-66	0.00272877465489	1.13426606266e-55	0.000432446749279	0.322223405951	6.46083541039e-56	0.0	0.322223405951	0.322223405951	0.322223405951	0.322223405951	0.322223405951
GO:0051173	positive regulation of nitrogen compound metabolic process	P	623	12	13	0.322223405951	0.322223405951	8.64072454073e-11	0.322223405951	2.69334282727e-27	0.0127683316054	5.4951812096e-17	0.322223405951	0.322223405951	2.29166110553e-19	0.0	0.00363470385034	0.322223405951	0.322223405951	0.322223405951	0.322223405951
GO:0009056	catabolic process	P	3032	14	22	0.322223405951	0.322223405951	0.0127683316054	0.322223405951	8.52403756829e-33	0.322223405951	0.0148084108312	0.322223405951	0.322223405951	0.322223405951	0.322223405951	0.322223405951	0.322223405951	0.322223405951	0.322223405951	0.322223405951
GO:0009507	chloroplast	C	4416	6	9	0.322223405951	0.322223405951	0.322223405951	0.322223405951	0.322223405951	0.322223405951	0.322223405951	0.322223405951	0.322223405951	0.322223405951	0.322223405951	0.322223405951	0.322223405951	0.322223405951	0.322223405951	0.322223405951
GO:0032787	monocarboxylic acid metabolic process	P	2137	13	20	0.322223405951	0.322223405951	0.0831989669294	0.322223405951	7.38947827379e-31	0.322223405951	0.0831989669294	0.322223405951	0.322223405951	0.322223405951	0.322223405951	0.322223405951	0.322223405951	0.322223405951	0.322223405951	0.322223405951
GO:0016044	cellular membrane organization	P	958	12	19	0.322223405951	0.322223405951	0.159386051975	0.322223405951	0.322223405951	0.322223405951	0.159386051975	0.322223405951	0.322223405951	0.322223405951	0.322223405951	0.322223405951	0.322223405951	0.322223405951	0.322223405951	0.322223405951
GO:0016043	cellular component organization	P	4766	74	89	0.322223405951	0.322223405951	2.70327612028e-12	0.322223405951	6.27148298144e-37	0.322223405951	1.88168287905e-11	0.0324477786167	0.322223405951	0.0	0.322223405951	0.322223405951	0.322223405951	0.322223405951	0.322223405951	0.322223405951
GO:0044283	small molecule biosynthetic process	P	2348	15	27	0.322223405951	0.322223405951	0.322223405951	0.322223405951	0.322223405951	0.322223405951	0.322223405951	0.322223405951	0.322223405951	0.322223405951	0.322223405951	0.322223405951	0.322223405951	0.322223405951	0.322223405951	0.322223405951
GO:0034641	cellular nitrogen compound metabolic process	P	4107	25	38	0.322223405951	0.322223405951	0.0127683316054	0.322223405951	0.322223405951	0.322223405951	0.0278601025971	0.322223405951	0.322223405951	0.322223405951	0.322223405951	0.322223405951	0.322223405951	0.322223405951	0.322223405951	0.322223405951
GO:0034645	cellular macromolecule biosynthetic process	P	2574	9	15	0.322223405951	0.322223405951	0.322223405951	0.322223405951	5.22118515155e-20	0.322223405951	1.02476393074e-13	0.322223405951	0.322223405951	6.51038139831e-36	0.322223405951	0.322223405951	0.322223405951	0.322223405951	0.322223405951	0.322223405951
GO:0000003	reproduction	P	3200	40	58	0.322223405951	0.322223405951	0.000814517758311	0.322223405951	3.29428248453e-41	0.322223405951	0.00363470385034	0.322223405951	0.322223405951	0.322223405951	0.322223405951	0.322223405951	0.322223405951	0.322223405951	0.322223405951	0.322223405951
GO:0010557	positive regulation of macromolecule biosynthetic process	P	627	11	11	0.322223405951	0.322223405951	1.46342071252e-06	0.322223405951	1.04647208465e-24	0.00100132738394	1.16314721773e-15	0.322223405951	0.322223405951	8.89146687494e-15	0.0	0.00191735286375	0.322223405951	0.322223405951	0.322223405951	0.322223405951
GO:0010556	regulation of macromolecule biosynthetic process	P	2583	114	123	0.322223405951	0.322223405951	4.32545724949e-35	0.322223405951	6.80861849691e-63	0.163708002163	1.5353426593e-50	9.18935270461e-06	0.322223405951	5.63379011589e-67	0.0	0.0831989669294	0.322223405951	0.322223405951	0.322223405951	0.322223405951
GO:0033993	response to lipid	P	1382	34	39	0.322223405951	0.322223405951	2.72856901874e-10	0.322223405951	1.46807728219e-25	0.0127683316054	5.07282190312e-11	7.68817081324e-06	0.322223405951	3.60025664342e-36	0.0	0.322223405951	0.322223405951	0.159386051975	0.322223405951	0.322223405951
GO:0043067	regulation of programmed cell death	P	985	10	14	0.322223405951	0.322223405951	0.000625201827511	0.322223405951	0.322223405951	0.322223405951	0.000625201827511	0.322223405951	0.322223405951	0.322223405951	0.322223405951	0.322223405951	0.322223405951	0.322223405951	0.322223405951	0.322223405951
GO:0046686	response to cadmium ion	P	940	4	7	0.322223405951	0.322223405951	0.322223405951	0.322223405951	0.322223405951	0.322223405951	0.322223405951	0.322223405951	0.322223405951	0.322223405951	0.322223405951	0.322223405951	0.322223405951	0.322223405951	0.322223405951	0.322223405951
GO:0045087	innate immune response	P	1509	9	15	0.322223405951	0.322223405951	0.322223405951	0.322223405951	0.322223405951	0.322223405951	0.322223405951	0.322223405951	0.322223405951	0.322223405951	0.322223405951	0.322223405951	0.322223405951	0.322223405951	0.322223405951	0.322223405951
GO:0010038	response to metal ion	P	1109	4	7	0.322223405951	0.322223405951	0.322223405951	0.322223405951	0.322223405951	0.322223405951	0.322223405951	0.322223405951	0.322223405951	0.322223405951	0.322223405951	0.322223405951	0.322223405951	0.322223405951	0.322223405951	0.322223405951
GO:0010035	response to inorganic substance	P	1955	30	37	0.322223405951	0.322223405951	2.55356686293e-12	0.322223405951	4.73295962835e-19	0.322223405951	0.294695841014	0.000293282185123	0.322223405951	2.71690605285e-43	0.322223405951	0.322223405951	0.322223405951	0.322223405951	0.322223405951	0.322223405951
GO:0034620	cellular response to unfolded protein	P	400	5	9	0.322223405951	0.322223405951	0.322223405951	0.322223405951	0.322223405951	0.322223405951	0.322223405951	0.322223405951	0.322223405951	0.322223405951	0.322223405951	0.322223405951	0.322223405951	0.322223405951	0.322223405951	0.322223405951
GO:0005975	carbohydrate metabolic process	P	2829	11	18	0.322223405951	0.322223405951	0.0831989669294	0.322223405951	0.322223405951	0.322223405951	0.0831989669294	0.322223405951	0.322223405951	0.322223405951	0.322223405951	0.322223405951	0.322223405951	0.322223405951	0.322223405951	0.322223405951
GO:0009719	response to endogenous stimulus	P	2818	117	116	0.322223405951	0.322223405951	3.98677445054e-08	0.322223405951	2.35779720222e-48	0.001010353416	1.33621623059e-28	7.69860518167e-15	0.322223405951	1.0531279789e-49	0.0	0.159386051975	0.322223405951	0.0237784661239	0.322223405951	0.322223405951
GO:0071407	cellular response to organic cyclic compound	P	1164	15	23	0.322223405951	0.322223405951	0.0511986448152	0.322223405951	0.322223405951	0.322223405951	0.0443151771535	0.322223405951	0.322223405951	0.322223405951	0.322223405951	0.322223405951	0.322223405951	0.322223405951	0.322223405951	0.322223405951
GO:0010374	stomatal complex development	P	372	4	5	0.322223405951	0.322223405951	3.26468195294e-06	0.322223405951	0.322223405951	0.322223405951	3.26468195294e-06	0.322223405951	0.322223405951	0.322223405951	0.322223405951	0.322223405951	0.322223405951	0.322223405951	0.322223405951	0.322223405951
GO:0010016	shoot morphogenesis	P	705	5	7	0.322223405951	0.322223405951	0.00013234126807	0.322223405951	0.322223405951	0.322223405951	0.00013234126807	0.322223405951	0.322223405951	0.322223405951	0.322223405951	0.322223405951	0.322223405951	0.322223405951	0.322223405951	0.322223405951
GO:0044085	cellular component biogenesis	P	2109	12	16	0.322223405951	0.322223405951	7.75182336878e-05	0.322223405951	0.322223405951	0.322223405951	6.87055989526e-05	0.322223405951	0.322223405951	0.322223405951	0.322223405951	0.322223405951	0.322223405951	0.322223405951	0.322223405951	0.322223405951
GO:0015849	organic acid transport	P	689	4	6	0.322223405951	0.322223405951	0.322223405951	0.322223405951	0.322223405951	0.322223405951	0.322223405951	0.322223405951	0.322223405951	0.322223405951	0.322223405951	0.322223405951	0.322223405951	0.322223405951	0.322223405951	0.322223405951
GO:0002679	respiratory burst involved in defense response	P	344	4	8	0.322223405951	0.322223405951	0.322223405951	0.322223405951	0.322223405951	0.322223405951	0.322223405951	0.322223405951	0.322223405951	0.322223405951	0.322223405951	0.322223405951	0.322223405951	0.322223405951	0.322223405951	0.322223405951
GO:0014070	response to organic cyclic compound	P	1682	29	40	0.322223405951	0.322223405951	1.38464230618e-08	0.322223405951	0.322223405951	0.322223405951	2.00656494954e-09	0.322223405951	0.322223405951	0.322223405951	0.322223405951	0.322223405951	0.322223405951	0.322223405951	0.322223405951	0.322223405951
GO:0009733	response to auxin stimulus	P	661	8	13	0.322223405951	0.322223405951	0.322223405951	0.322223405951	0.322223405951	0.322223405951	0.322223405951	0.322223405951	0.322223405951	0.322223405951	0.322223405951	0.322223405951	0.322223405951	0.322223405951	0.322223405951	0.322223405951
GO:0019219	regulation of nucleobase-containing compound metabolic process	P	2630	119	132	0.322223405951	0.322223405951	6.71447740221e-38	0.322223405951	6.67494964165e-63	0.00898200998176	3.94160837137e-55	0.000192079645473	0.322223405951	1.72376791578e-55	0.0	0.0831989669294	0.322223405951	0.322223405951	0.322223405951	0.322223405951
GO:0019748	secondary metabolic process	P	1260	9	14	0.322223405951	0.322223405951	0.000516928494134	0.322223405951	0.322223405951	0.322223405951	0.000516928494134	0.322223405951	0.322223405951	0.322223405951	0.322223405951	0.322223405951	0.322223405951	0.322223405951	0.322223405951	0.322223405951
GO:2000026	regulation of multicellular organismal development	P	1254	8	13	0.322223405951	0.322223405951	0.322223405951	0.322223405951	8.72702844704e-29	0.322223405951	0.322223405951	0.322223405951	0.322223405951	0.322223405951	0.322223405951	0.322223405951	0.322223405951	0.322223405951	0.322223405951	0.322223405951
GO:0007165	signal transduction	P	2734	87	93	0.322223405951	0.322223405951	0.0047328459269	0.322223405951	1.43013453204e-38	0.00269310228125	2.89341091175e-33	3.87024024081e-14	0.322223405951	3.25425988033e-51	0.0	0.0443151771535	0.322223405951	0.0579656115364	0.322223405951	0.322223405951
GO:0034613	cellular protein localization	P	1878	19	27	0.322223405951	0.322223405951	0.000169248509405	0.322223405951	2.47484072705e-39	0.322223405951	0.000158855812694	0.159386051975	0.322223405951	0.322223405951	0.322223405951	0.322223405951	0.322223405951	0.322223405951	0.322223405951	0.322223405951
GO:0046394	carboxylic acid biosynthetic process	P	1910	13	24	0.322223405951	0.322223405951	0.322223405951	0.322223405951	0.322223405951	0.322223405951	0.322223405951	0.322223405951	0.322223405951	0.322223405951	0.322223405951	0.322223405951	0.322223405951	0.322223405951	0.322223405951	0.322223405951
GO:0048827	phyllome development	P	658	4	8	0.322223405951	0.322223405951	0.322223405951	0.322223405951	0.322223405951	0.322223405951	0.322223405951	0.322223405951	0.322223405951	0.322223405951	0.322223405951	0.322223405951	0.322223405951	0.322223405951	0.322223405951	0.322223405951
GO:0071215	cellular response to abscisic acid stimulus	P	526	10	10	0.322223405951	0.322223405951	0.159386051975	0.322223405951	3.15028116532e-10	0.159386051975	2.95180290425e-06	0.322223405951	0.322223405951	9.69408644505e-26	6.51038139831e-36	0.0831989669294	0.322223405951	0.322223405951	0.322223405951	0.322223405951
GO:0009755	hormone-mediated signaling pathway	P	1381	40	42	0.322223405951	0.322223405951	9.97445652552e-05	0.322223405951	1.98357361811e-29	0.000352257086067	8.11803058053e-21	5.05579660149e-07	0.322223405951	1.06680281934e-41	1.41522735512e-81	0.322223405951	0.322223405951	0.159386051975	0.322223405951	0.322223405951
GO:0009751	response to salicylic acid stimulus	P	1050	21	30	0.322223405951	0.322223405951	3.95882902045e-08	0.322223405951	0.322223405951	0.322223405951	4.77442000284e-08	0.322223405951	0.322223405951	0.322223405951	0.322223405951	0.322223405951	0.322223405951	0.322223405951	0.322223405951	0.322223405951
GO:0009753	response to jasmonic acid stimulus	P	1012	15	21	0.322223405951	0.322223405951	0.000263427746826	0.322223405951	0.322223405951	0.322223405951	0.000420810620567	0.322223405951	0.322223405951	0.322223405951	0.322223405951	0.322223405951	0.322223405951	0.322223405951	0.322223405951	0.322223405951
GO:0043169	cation binding	M	2396	12	16	0.322223405951	0.322223405951	3.18357195807e-05	0.322223405951	1.67300244909e-16	0.322223405951	2.04797310846e-05	0.159386051975	0.322223405951	0.0	0.322223405951	0.322223405951	0.322223405951	0.322223405951	0.322223405951	0.322223405951
GO:0010604	positive regulation of macromolecule metabolic process	P	653	12	13	0.322223405951	0.322223405951	4.54356771059e-08	0.322223405951	5.97665759905e-29	0.0443151771535	1.66608173197e-22	0.322223405951	0.322223405951	4.99834822632e-25	0.0	0.000263427746826	0.322223405951	0.322223405951	0.322223405951	0.322223405951
GO:0044267	cellular protein metabolic process	P	4430	28	41	0.322223405951	0.322223405951	0.322223405951	0.322223405951	4.00619515467e-36	0.322223405951	1.57652063648e-28	0.322223405951	0.322223405951	0.0	0.322223405951	0.322223405951	0.322223405951	0.322223405951	0.322223405951	0.322223405951
GO:0045730	respiratory burst	P	344	4	8	0.322223405951	0.322223405951	0.322223405951	0.322223405951	0.322223405951	0.322223405951	0.322223405951	0.322223405951	0.322223405951	0.322223405951	0.322223405951	0.322223405951	0.322223405951	0.322223405951	0.322223405951	0.322223405951
GO:0000160	phosphorelay signal transduction system	P	348	4	6	0.322223405951	0.322223405951	0.322223405951	0.322223405951	0.322223405951	0.322223405951	0.322223405951	0.322223405951	0.322223405951	0.322223405951	0.322223405951	0.322223405951	0.322223405951	0.322223405951	0.322223405951	0.322223405951
GO:0010073	meristem maintenance	P	631	4	6	0.322223405951	0.322223405951	0.322223405951	0.322223405951	0.322223405951	0.322223405951	0.322223405951	0.322223405951	0.322223405951	0.322223405951	0.322223405951	0.322223405951	0.322223405951	0.322223405951	0.322223405951	0.322223405951
GO:0019538	protein metabolic process	P	4797	31	46	0.322223405951	0.322223405951	0.322223405951	0.322223405951	3.42148264898e-41	0.322223405951	2.71690605285e-43	0.322223405951	0.322223405951	2.71690605285e-43	0.322223405951	0.322223405951	0.322223405951	0.322223405951	0.322223405951	0.322223405951
GO:0006605	protein targeting	P	1704	18	26	0.322223405951	0.322223405951	0.000491039997325	0.322223405951	2.08079503272e-36	0.322223405951	0.000222086938225	0.0443151771535	0.322223405951	0.322223405951	0.322223405951	0.322223405951	0.322223405951	0.322223405951	0.322223405951	0.322223405951
GO:0045184	establishment of protein localization	P	1929	18	26	0.322223405951	0.322223405951	0.00549071575941	0.322223405951	2.47484072705e-39	0.322223405951	0.00363470385034	0.0831989669294	0.322223405951	0.322223405951	0.322223405951	0.322223405951	0.322223405951	0.322223405951	0.322223405951	0.322223405951
GO:0006790	sulfur compound metabolic process	P	938	5	9	0.322223405951	0.322223405951	0.322223405951	0.322223405951	0.322223405951	0.322223405951	0.322223405951	0.322223405951	0.322223405951	0.322223405951	0.322223405951	0.322223405951	0.322223405951	0.322223405951	0.322223405951	0.322223405951
GO:0031347	regulation of defense response	P	1243	12	18	0.322223405951	0.322223405951	0.00543628223952	0.322223405951	0.322223405951	0.322223405951	0.00543628223952	0.322223405951	0.322223405951	0.322223405951	0.322223405951	0.322223405951	0.322223405951	0.322223405951	0.322223405951	0.322223405951
GO:0010628	positive regulation of gene expression	P	608	9	8	0.322223405951	0.322223405951	7.11990363961e-06	0.322223405951	7.26596801877e-20	0.000516928494134	5.69760813687e-11	0.322223405951	0.322223405951	3.16411319372e-07	2.71690605285e-43	1.37571086235e-05	0.322223405951	0.322223405951	0.322223405951	0.322223405951
GO:0044765	single-organism transport	P	4210	50	63	0.322223405951	0.322223405951	1.47059783602e-05	0.322223405951	2.87659806673e-52	0.322223405951	0.131334075975	0.0237784661239	0.322223405951	0.0	0.322223405951	0.322223405951	0.322223405951	0.322223405951	0.322223405951	0.322223405951
GO:0071396	cellular response to lipid	P	723	14	15	0.322223405951	0.322223405951	5.2403127867e-12	0.322223405951	1.44614244427e-13	0.0443151771535	0.0726192770454	0.000263427746826	0.322223405951	4.44065698766e-34	0.0	0.322223405951	0.322223405951	0.159386051975	0.322223405951	0.322223405951
GO:0071395	cellular response to jasmonic acid stimulus	P	695	4	7	0.322223405951	0.322223405951	0.322223405951	0.322223405951	0.322223405951	0.322223405951	0.322223405951	0.322223405951	0.322223405951	0.322223405951	0.322223405951	0.322223405951	0.322223405951	0.322223405951	0.322223405951	0.322223405951
GO:0006811	ion transport	P	1869	12	15	0.322223405951	0.322223405951	8.68353789522e-12	0.322223405951	0.322223405951	0.322223405951	2.52960234712e-11	0.322223405951	0.322223405951	0.322223405951	0.322223405951	0.322223405951	0.322223405951	0.322223405951	0.322223405951	0.322223405951
GO:0006810	transport	P	4537	55	69	0.322223405951	0.322223405951	9.50067741441e-05	0.322223405951	1.35134771506e-60	0.322223405951	0.0971882181897	0.322223405951	0.322223405951	0.0	0.322223405951	0.322223405951	0.322223405951	0.322223405951	0.322223405951	0.322223405951
GO:0010154	fruit development	P	1146	8	13	0.322223405951	0.322223405951	0.0237784661239	0.322223405951	0.322223405951	0.322223405951	0.0237784661239	0.322223405951	0.322223405951	0.322223405951	0.322223405951	0.322223405951	0.322223405951	0.322223405951	0.322223405951	0.322223405951
GO:0044272	sulfur compound biosynthetic process	P	856	5	9	0.322223405951	0.322223405951	0.322223405951	0.322223405951	0.322223405951	0.322223405951	0.322223405951	0.322223405951	0.322223405951	0.322223405951	0.322223405951	0.322223405951	0.322223405951	0.322223405951	0.322223405951	0.322223405951
GO:0071705	nitrogen compound transport	P	1449	9	13	0.322223405951	0.322223405951	0.00191735286375	0.322223405951	0.322223405951	0.322223405951	0.00191735286375	0.322223405951	0.322223405951	0.322223405951	0.322223405951	0.322223405951	0.322223405951	0.322223405951	0.322223405951	0.322223405951
GO:0071702	organic substance transport	P	2918	31	41	0.322223405951	0.322223405951	6.16834284421e-05	0.322223405951	9.2677403412e-38	0.322223405951	4.77706886795e-05	0.0237784661239	0.322223405951	0.322223405951	0.322223405951	0.322223405951	0.322223405951	0.322223405951	0.322223405951	0.322223405951
GO:0080135	regulation of cellular response to stress	P	967	11	16	0.322223405951	0.322223405951	0.000516928494134	0.322223405951	0.322223405951	0.322223405951	0.000516928494134	0.322223405951	0.322223405951	0.322223405951	0.322223405951	0.322223405951	0.322223405951	0.322223405951	0.322223405951	0.322223405951
GO:0061025	membrane fusion	P	616	7	13	0.322223405951	0.322223405951	0.322223405951	0.322223405951	0.322223405951	0.322223405951	0.322223405951	0.322223405951	0.322223405951	0.322223405951	0.322223405951	0.322223405951	0.322223405951	0.322223405951	0.322223405951	0.322223405951
GO:0061024	membrane organization	P	958	12	19	0.322223405951	0.322223405951	0.159386051975	0.322223405951	0.322223405951	0.322223405951	0.159386051975	0.322223405951	0.322223405951	0.322223405951	0.322223405951	0.322223405951	0.322223405951	0.322223405951	0.322223405951	0.322223405951
GO:0042742	defense response to bacterium	P	866	4	8	0.322223405951	0.322223405951	0.322223405951	0.322223405951	0.322223405951	0.322223405951	0.322223405951	0.322223405951	0.322223405951	0.322223405951	0.322223405951	0.322223405951	0.322223405951	0.322223405951	0.322223405951	0.322223405951
GO:0009791	post-embryonic development	P	2943	47	67	0.322223405951	0.322223405951	0.0127683316054	0.322223405951	4.50083661706e-37	0.322223405951	4.43815800682e-07	0.322223405951	0.322223405951	0.0	0.322223405951	0.322223405951	0.322223405951	0.322223405951	0.322223405951	0.322223405951
GO:0046483	heterocycle metabolic process	P	4253	31	48	0.322223405951	0.322223405951	0.322223405951	0.322223405951	0.322223405951	0.322223405951	0.322223405951	0.322223405951	0.322223405951	0.322223405951	0.322223405951	0.322223405951	0.322223405951	0.322223405951	0.322223405951	0.322223405951
GO:0044422	organelle part	C	3730	6	10	0.322223405951	0.322223405951	0.322223405951	0.322223405951	0.322223405951	0.322223405951	0.322223405951	0.322223405951	0.322223405951	0.322223405951	0.322223405951	0.322223405951	0.322223405951	0.322223405951	0.322223405951	0.322223405951
GO:0009893	positive regulation of metabolic process	P	959	15	17	0.322223405951	0.322223405951	4.54356771059e-08	0.322223405951	5.84934532343e-29	0.00683340014957	1.15271705564e-22	0.0237784661239	0.322223405951	9.04441449088e-25	0.0	0.0099491525424	0.159386051975	0.322223405951	0.322223405951	0.322223405951
GO:0009891	positive regulation of biosynthetic process	P	920	14	15	0.322223405951	0.322223405951	3.26468195294e-06	0.322223405951	2.99865428068e-23	0.00191735286375	1.44297603073e-19	0.0831989669294	0.322223405951	8.79934757958e-22	2.71690605285e-43	1.52037937576e-05	0.322223405951	0.322223405951	0.322223405951	0.322223405951
GO:0035966	response to topologically incorrect protein	P	712	8	13	0.322223405951	0.322223405951	0.322223405951	0.322223405951	0.322223405951	0.322223405951	0.322223405951	0.322223405951	0.322223405951	0.322223405951	0.322223405951	0.322223405951	0.322223405951	0.322223405951	0.322223405951	0.322223405951
GO:0048229	gametophyte development	P	791	4	5	0.322223405951	0.322223405951	0.322223405951	0.322223405951	0.322223405951	0.322223405951	0.322223405951	0.322223405951	0.322223405951	0.322223405951	0.322223405951	0.322223405951	0.322223405951	0.322223405951	0.322223405951	0.322223405951
GO:0033036	macromolecule localization	P	2303	25	33	0.322223405951	0.322223405951	6.89226643972e-05	0.322223405951	2.47484072705e-39	0.322223405951	3.72382884314e-05	0.0831989669294	0.322223405951	0.322223405951	0.322223405951	0.322223405951	0.322223405951	0.322223405951	0.322223405951	0.322223405951
GO:0009409	response to cold	P	1056	11	16	0.322223405951	0.322223405951	0.322223405951	0.322223405951	1.36055734374e-19	0.322223405951	1.67837631767e-18	0.322223405951	0.322223405951	6.51038139831e-36	0.322223405951	0.322223405951	0.322223405951	0.322223405951	0.322223405951	0.322223405951
GO:0005515	protein binding	M	3396	82	109	0.322223405951	0.322223405951	0.904217667728	0.322223405951	6.43560860986e-42	0.159386051975	3.64391402981e-31	0.00683340014957	0.322223405951	6.56952619852e-49	0.0	0.322223405951	0.322223405951	0.322223405951	0.322223405951	0.322223405951
GO:0006996	organelle organization	P	3011	40	43	0.322223405951	0.322223405951	8.33528618463e-14	0.322223405951	4.31872092707e-30	0.322223405951	9.90955732257e-11	0.000152058738213	0.322223405951	0.0	0.322223405951	0.322223405951	0.322223405951	0.322223405951	0.322223405951	0.322223405951
GO:0003006	developmental process involved in reproduction	P	2856	37	55	0.322223405951	0.322223405951	0.0579656115364	0.322223405951	4.97994389803e-36	0.322223405951	0.0569340922993	0.322223405951	0.322223405951	0.322223405951	0.322223405951	0.322223405951	0.322223405951	0.322223405951	0.322223405951	0.322223405951
GO:0044446	intracellular organelle part	C	3719	6	10	0.322223405951	0.322223405951	0.322223405951	0.322223405951	0.322223405951	0.322223405951	0.322223405951	0.322223405951	0.322223405951	0.322223405951	0.322223405951	0.322223405951	0.322223405951	0.322223405951	0.322223405951	0.322223405951
GO:0009617	response to bacterium	P	1153	6	10	0.322223405951	0.322223405951	0.322223405951	0.322223405951	1.8129399921e-20	0.322223405951	0.322223405951	0.322223405951	0.322223405951	0.322223405951	0.322223405951	0.322223405951	0.322223405951	0.322223405951	0.322223405951	0.322223405951
GO:0009873	ethylene mediated signaling pathway	P	307	4	6	0.322223405951	0.322223405951	0.322223405951	0.322223405951	0.322223405951	0.322223405951	0.322223405951	0.322223405951	0.322223405951	0.322223405951	0.322223405951	0.322223405951	0.322223405951	0.322223405951	0.322223405951	0.322223405951
GO:1901698	response to nitrogen compound	P	1226	17	24	0.322223405951	0.322223405951	0.103000037411	0.322223405951	9.6079747098e-31	0.322223405951	1.39969308636e-16	0.322223405951	0.322223405951	6.51038139831e-36	0.322223405951	0.322223405951	0.322223405951	0.322223405951	0.322223405951	0.322223405951
GO:0006082	organic acid metabolic process	P	2811	21	34	0.322223405951	0.322223405951	0.159386051975	0.322223405951	1.59777077328e-46	0.322223405951	0.159386051975	0.322223405951	0.322223405951	0.322223405951	0.322223405951	0.322223405951	0.322223405951	0.322223405951	0.322223405951	0.322223405951
GO:0031328	positive regulation of cellular biosynthetic process	P	920	14	15	0.322223405951	0.322223405951	8.29873136687e-10	0.322223405951	5.225555334e-28	0.0831989669294	4.64217624777e-23	0.0831989669294	0.322223405951	6.44970007349e-24	0.0	0.00191735286375	0.322223405951	0.322223405951	0.322223405951	0.322223405951
GO:0031326	regulation of cellular biosynthetic process	P	2908	136	150	0.322223405951	0.322223405951	1.51774798073e-30	0.322223405951	2.67732426717e-64	0.0147410620414	8.65526992564e-57	3.87818825503e-08	0.322223405951	7.08046373701e-66	0.0	0.00683340014957	0.322223405951	0.322223405951	0.322223405951	0.322223405951
GO:0031325	positive regulation of cellular metabolic process	P	948	15	17	0.322223405951	0.322223405951	1.13044874977e-07	0.322223405951	2.13871396048e-27	0.000263427746826	1.84696136491e-21	0.159386051975	0.322223405951	4.64457784676e-23	0.0	0.18235161124	0.322223405951	0.322223405951	0.322223405951	0.322223405951
GO:0031323	regulation of cellular metabolic process	P	3426	205	212	0.322223405951	0.322223405951	4.38125087862e-16	0.322223405951	1.58062248384e-63	0.00416893220925	8.1860563716e-16	3.28462313959e-10	0.322223405951	5.39472409494e-63	0.0	0.159386051975	0.322223405951	0.322223405951	0.322223405951	0.322223405951
GO:0090304	nucleic acid metabolic process	P	2761	14	23	0.322223405951	0.322223405951	0.322223405951	0.322223405951	0.322223405951	0.322223405951	0.322223405951	0.322223405951	0.322223405951	0.322223405951	0.322223405951	0.322223405951	0.322223405951	0.322223405951	0.322223405951	0.322223405951
GO:0010941	regulation of cell death	P	1002	14	21	0.322223405951	0.322223405951	3.18357195807e-05	0.322223405951	0.322223405951	0.322223405951	3.18357195807e-05	0.322223405951	0.322223405951	0.322223405951	0.322223405951	0.322223405951	0.322223405951	0.322223405951	0.322223405951	0.322223405951
GO:0005576	extracellular region	C	2195	4	5	0.322223405951	0.322223405951	0.322223405951	0.322223405951	0.322223405951	0.322223405951	0.322223405951	0.322223405951	0.322223405951	0.322223405951	0.322223405951	0.322223405951	0.322223405951	0.322223405951	0.322223405951	0.322223405951
GO:0002252	immune effector process	P	624	9	14	0.322223405951	0.322223405951	0.0237784661239	0.322223405951	0.322223405951	0.322223405951	0.0237784661239	0.322223405951	0.322223405951	0.322223405951	0.322223405951	0.322223405951	0.322223405951	0.322223405951	0.322223405951	0.322223405951
GO:0008104	protein localization	P	1973	19	27	0.322223405951	0.322223405951	7.7913803534e-05	0.322223405951	1.6038120569e-43	0.322223405951	0.000158855812694	0.322223405951	0.322223405951	0.322223405951	0.322223405951	0.322223405951	0.322223405951	0.322223405951	0.322223405951	0.322223405951
GO:0044248	cellular catabolic process	P	2221	9	14	0.322223405951	0.322223405951	0.322223405951	0.322223405951	3.15475561408e-35	0.322223405951	0.322223405951	0.322223405951	0.322223405951	0.322223405951	0.322223405951	0.322223405951	0.322223405951	0.322223405951	0.322223405951	0.322223405951
GO:0006944	cellular membrane fusion	P	616	7	13	0.322223405951	0.322223405951	0.322223405951	0.322223405951	0.322223405951	0.322223405951	0.322223405951	0.322223405951	0.322223405951	0.322223405951	0.322223405951	0.322223405951	0.322223405951	0.322223405951	0.322223405951	0.322223405951
GO:0009651	response to salt stress	P	1428	26	29	0.322223405951	0.322223405951	1.55100562995e-07	0.322223405951	1.24085973836e-25	0.322223405951	2.24415462671e-08	2.90562125783e-05	0.322223405951	1.67268660246e-39	0.322223405951	0.322223405951	0.322223405951	0.322223405951	0.322223405951	0.322223405951
GO:0071446	cellular response to salicylic acid stimulus	P	896	12	18	0.322223405951	0.322223405951	0.0237784661239	0.322223405951	0.322223405951	0.322223405951	0.0237784661239	0.322223405951	0.322223405951	0.322223405951	0.322223405951	0.322223405951	0.322223405951	0.322223405951	0.322223405951	0.322223405951
GO:0009657	plastid organization	P	558	7	7	0.322223405951	0.322223405951	2.99047989959e-09	0.322223405951	0.322223405951	0.322223405951	1.72233225311e-09	0.322223405951	0.322223405951	0.322223405951	0.322223405951	0.322223405951	0.322223405951	0.322223405951	0.322223405951	0.322223405951
GO:0006952	defense response	P	2316	37	48	0.322223405951	0.322223405951	0.0569340922993	0.322223405951	7.90893079095e-33	0.322223405951	1.81177477137e-25	0.0579656115364	0.322223405951	0.0	0.0	0.322223405951	0.322223405951	0.322223405951	0.322223405951	0.322223405951
GO:0006955	immune response	P	1516	9	15	0.322223405951	0.322223405951	0.322223405951	0.322223405951	0.322223405951	0.322223405951	0.322223405951	0.322223405951	0.322223405951	0.322223405951	0.322223405951	0.322223405951	0.322223405951	0.322223405951	0.322223405951	0.322223405951
GO:0051252	regulation of RNA metabolic process	P	2472	110	121	0.322223405951	0.322223405951	2.33273309788e-34	0.322223405951	2.07156535254e-66	0.0116365513552	1.13177156603e-52	0.000432446749279	0.322223405951	1.44863650872e-59	0.0	0.00543628223952	0.322223405951	0.322223405951	0.322223405951	0.322223405951
GO:0051254	positive regulation of RNA metabolic process	P	606	10	10	0.322223405951	0.322223405951	3.26468195294e-06	0.322223405951	1.35513445998e-27	0.00013234126807	7.20535104313e-15	0.159386051975	0.322223405951	4.06912904561e-09	2.71690605285e-43	3.18357195807e-05	0.322223405951	0.322223405951	0.322223405951	0.322223405951
GO:0007389	pattern specification process	P	680	6	9	0.322223405951	0.322223405951	0.322223405951	0.322223405951	0.322223405951	0.322223405951	0.322223405951	0.322223405951	0.322223405951	0.322223405951	0.322223405951	0.322223405951	0.322223405951	0.322223405951	0.322223405951	0.322223405951
GO:0071310	cellular response to organic substance	P	2152	65	71	0.322223405951	0.322223405951	0.885213181702	0.322223405951	5.93504551499e-36	0.00981201136545	5.35485932813e-32	1.83781089711e-11	0.322223405951	2.54314552214e-49	0.0	0.0831989669294	0.322223405951	0.18235161124	0.322223405951	0.322223405951
GO:0051649	establishment of localization in cell	P	2508	25	33	0.322223405951	0.322223405951	0.00409816373321	0.322223405951	7.51880276459e-38	0.322223405951	1.05086285859e-05	0.0831989669294	0.322223405951	2.71690605285e-43	0.322223405951	0.322223405951	0.322223405951	0.322223405951	0.322223405951	0.322223405951
GO:0051641	cellular localization	P	2614	27	35	0.322223405951	0.322223405951	0.000922508122632	0.322223405951	1.37282262639e-40	0.322223405951	3.88144350634e-06	0.0443151771535	0.322223405951	0.0	0.322223405951	0.322223405951	0.322223405951	0.322223405951	0.322223405951	0.322223405951
GO:0030154	cell differentiation	P	1828	10	18	0.322223405951	0.322223405951	0.322223405951	0.322223405951	0.322223405951	0.322223405951	0.322223405951	0.322223405951	0.322223405951	0.322223405951	0.322223405951	0.322223405951	0.322223405951	0.322223405951	0.322223405951	0.322223405951
GO:0009653	anatomical structure morphogenesis	P	2696	21	30	0.322223405951	0.322223405951	0.159386051975	0.322223405951	3.29428248453e-41	0.322223405951	0.159386051975	0.322223405951	0.322223405951	0.322223405951	0.322223405951	0.322223405951	0.322223405951	0.322223405951	0.322223405951	0.322223405951
