GO:0050832	defense response to fungus	P	896	4	7	0.322223405951	0.322223405951	0.322223405951	0.322223405951	0.322223405951	0.322223405951	0.322223405951	0.322223405951	0.322223405951	0.322223405951	0.322223405951	0.322223405951	0.322223405951	0.322223405951	0.322223405951	0.322223405951
GO:0006970	response to osmotic stress	P	1495	18	24	0.322223405951	0.322223405951	0.018545610562	0.322223405951	8.00240829271e-35	0.322223405951	0.018545610562	0.322223405951	0.322223405951	0.322223405951	0.322223405951	0.322223405951	0.322223405951	0.322223405951	0.322223405951	0.322223405951
GO:0006979	response to oxidative stress	P	1179	5	8	0.322223405951	0.322223405951	0.322223405951	0.322223405951	0.322223405951	0.322223405951	0.322223405951	0.322223405951	0.322223405951	0.322223405951	0.322223405951	0.322223405951	0.322223405951	0.322223405951	0.322223405951	0.322223405951
GO:0044711	single-organism biosynthetic process	P	2693	10	16	0.322223405951	0.322223405951	0.0237784661239	0.322223405951	0.322223405951	0.322223405951	0.0237784661239	0.322223405951	0.322223405951	0.322223405951	0.322223405951	0.322223405951	0.322223405951	0.322223405951	0.322223405951	0.322223405951
GO:0009814	defense response, incompatible interaction	P	1219	4	8	0.322223405951	0.322223405951	0.322223405951	0.322223405951	0.322223405951	0.322223405951	0.322223405951	0.322223405951	0.322223405951	0.322223405951	0.322223405951	0.322223405951	0.322223405951	0.322223405951	0.322223405951	0.322223405951
GO:0070887	cellular response to chemical stimulus	P	2418	34	39	0.322223405951	0.322223405951	4.20677489325e-11	0.322223405951	1.29894408996e-28	0.322223405951	6.11416137522e-17	0.000337139941643	0.322223405951	4.53538310462e-47	0.322223405951	0.322223405951	0.322223405951	0.322223405951	0.322223405951	0.322223405951
GO:0048731	system development	P	3916	20	34	0.322223405951	0.322223405951	0.159386051975	0.322223405951	0.322223405951	0.322223405951	0.209120781705	0.322223405951	0.322223405951	0.322223405951	0.322223405951	0.322223405951	0.322223405951	0.322223405951	0.322223405951	0.322223405951
GO:1901362	organic cyclic compound biosynthetic process	P	2513	7	11	0.322223405951	0.322223405951	0.0831989669294	0.322223405951	0.322223405951	0.322223405951	0.0831989669294	0.322223405951	0.322223405951	0.322223405951	0.322223405951	0.322223405951	0.322223405951	0.322223405951	0.322223405951	0.322223405951
GO:0043436	oxoacid metabolic process	P	2810	9	15	0.322223405951	0.322223405951	0.322223405951	0.322223405951	3.80785543253e-29	0.322223405951	0.322223405951	0.322223405951	0.322223405951	0.322223405951	0.322223405951	0.322223405951	0.322223405951	0.322223405951	0.322223405951	0.322223405951
GO:0003676	nucleic acid binding	M	2641	36	46	0.322223405951	0.322223405951	2.99242438906e-11	0.322223405951	4.66058352206e-49	0.0443151771535	1.31495052644e-33	0.159386051975	0.322223405951	7.70584592468e-47	0.0	0.322223405951	0.322223405951	0.159386051975	0.322223405951	0.322223405951
GO:0003677	DNA binding	M	1646	22	26	0.322223405951	0.322223405951	1.48626427026e-05	0.322223405951	1.4784089551e-37	0.0443151771535	3.8398352889e-22	0.0443151771535	0.322223405951	2.68530766231e-29	0.0	0.159386051975	0.322223405951	0.322223405951	0.322223405951	0.322223405951
GO:0043412	macromolecule modification	P	3450	7	11	0.322223405951	0.322223405951	0.322223405951	0.322223405951	3.80785543253e-29	0.322223405951	0.322223405951	0.322223405951	0.322223405951	0.322223405951	0.322223405951	0.322223405951	0.322223405951	0.322223405951	0.322223405951	0.322223405951
GO:0048869	cellular developmental process	P	2133	4	8	0.322223405951	0.322223405951	0.322223405951	0.322223405951	0.322223405951	0.322223405951	0.322223405951	0.322223405951	0.322223405951	0.322223405951	0.322223405951	0.322223405951	0.322223405951	0.322223405951	0.322223405951	0.322223405951
GO:0051239	regulation of multicellular organismal process	P	1268	4	7	0.322223405951	0.322223405951	0.322223405951	0.322223405951	0.322223405951	0.322223405951	0.322223405951	0.322223405951	0.322223405951	0.322223405951	0.322223405951	0.322223405951	0.322223405951	0.322223405951	0.322223405951	0.322223405951
GO:0051234	establishment of localization	P	4648	22	33	0.322223405951	0.322223405951	0.00486859939414	0.322223405951	3.29428248453e-41	0.322223405951	0.00549071575941	0.159386051975	0.322223405951	0.322223405951	0.322223405951	0.322223405951	0.322223405951	0.322223405951	0.322223405951	0.322223405951
GO:0061458	reproductive system development	P	2318	11	17	0.322223405951	0.322223405951	0.0127683316054	0.322223405951	0.322223405951	0.322223405951	0.0215564654978	0.322223405951	0.322223405951	0.322223405951	0.322223405951	0.322223405951	0.322223405951	0.322223405951	0.322223405951	0.322223405951
GO:0048519	negative regulation of biological process	P	2139	16	22	0.322223405951	0.322223405951	0.00363470385034	0.322223405951	2.54391277556e-23	0.322223405951	6.41808595154e-20	0.0831989669294	0.322223405951	2.71690605285e-43	0.322223405951	0.322223405951	0.322223405951	0.322223405951	0.322223405951	0.322223405951
GO:0002376	immune system process	P	1762	16	22	0.322223405951	0.322223405951	5.58946639858e-07	0.322223405951	7.73079132078e-25	0.0831989669294	1.75224630665e-22	0.0127683316054	0.322223405951	1.51823716118e-36	0.0	0.322223405951	0.322223405951	0.322223405951	0.322223405951	0.322223405951
GO:0048646	anatomical structure formation involved in morphogenesis	P	2377	7	10	0.322223405951	0.322223405951	0.322223405951	0.322223405951	0.322223405951	0.322223405951	0.322223405951	0.322223405951	0.322223405951	0.322223405951	0.322223405951	0.322223405951	0.322223405951	0.322223405951	0.322223405951	0.322223405951
GO:0071495	cellular response to endogenous stimulus	P	1438	21	24	0.322223405951	0.322223405951	1.16528657104e-07	0.322223405951	4.54557289023e-27	0.322223405951	2.6802810889e-13	0.000432446749279	0.322223405951	5.60220021025e-41	0.322223405951	0.322223405951	0.322223405951	0.322223405951	0.322223405951	0.322223405951
GO:0002682	regulation of immune system process	P	1047	6	9	0.322223405951	0.322223405951	0.00013234126807	0.322223405951	0.322223405951	0.322223405951	0.00013234126807	0.322223405951	0.322223405951	0.322223405951	0.322223405951	0.322223405951	0.322223405951	0.322223405951	0.322223405951	0.322223405951
GO:0051707	response to other organism	P	2528	17	25	0.322223405951	0.322223405951	0.0237784661239	0.322223405951	7.57750950951e-29	0.322223405951	1.08021509694e-26	0.0831989669294	0.322223405951	0.0	0.322223405951	0.322223405951	0.322223405951	0.322223405951	0.322223405951	0.322223405951
GO:0051704	multi-organism process	P	2966	22	31	0.322223405951	0.322223405951	0.000432446749279	0.322223405951	4.14403786771e-30	0.322223405951	6.03239292243e-20	0.0237784661239	0.322223405951	2.71690605285e-43	0.322223405951	0.322223405951	0.322223405951	0.322223405951	0.322223405951	0.322223405951
GO:0009536	plastid	C	4500	4	7	0.322223405951	0.322223405951	0.322223405951	0.322223405951	0.322223405951	0.322223405951	0.322223405951	0.322223405951	0.322223405951	0.322223405951	0.322223405951	0.322223405951	0.322223405951	0.322223405951	0.322223405951	0.322223405951
GO:0016053	organic acid biosynthetic process	P	1910	5	9	0.322223405951	0.322223405951	0.322223405951	0.322223405951	0.322223405951	0.322223405951	0.322223405951	0.322223405951	0.322223405951	0.322223405951	0.322223405951	0.322223405951	0.322223405951	0.322223405951	0.322223405951	0.322223405951
GO:0006725	cellular aromatic compound metabolic process	P	4817	18	31	0.322223405951	0.322223405951	0.322223405951	0.322223405951	0.322223405951	0.322223405951	0.322223405951	0.322223405951	0.322223405951	0.322223405951	0.322223405951	0.322223405951	0.322223405951	0.322223405951	0.322223405951	0.322223405951
GO:0070727	cellular macromolecule localization	P	1922	11	15	0.322223405951	0.322223405951	0.000187063188113	0.322223405951	8.70917218252e-26	0.322223405951	6.54588810556e-05	0.00363470385034	0.322223405951	0.322223405951	0.322223405951	0.322223405951	0.322223405951	0.322223405951	0.322223405951	0.322223405951
GO:0006886	intracellular protein transport	P	1834	9	13	0.322223405951	0.322223405951	0.00326923857164	0.322223405951	8.70917218252e-26	0.322223405951	0.00191735286375	0.0443151771535	0.322223405951	0.322223405951	0.322223405951	0.322223405951	0.322223405951	0.322223405951	0.322223405951	0.322223405951
GO:0045088	regulation of innate immune response	P	1041	6	9	0.322223405951	0.322223405951	6.54588810556e-05	0.322223405951	0.322223405951	0.322223405951	6.54588810556e-05	0.322223405951	0.322223405951	0.322223405951	0.322223405951	0.322223405951	0.322223405951	0.322223405951	0.322223405951	0.322223405951
GO:0003700	sequence-specific DNA binding transcription factor activity	M	1374	19	21	0.322223405951	0.322223405951	7.21193074571e-12	0.322223405951	5.64767162845e-39	0.0127683316054	2.31967665696e-24	0.322223405951	0.322223405951	1.46601424401e-22	0.0	0.00157177540832	0.322223405951	0.322223405951	0.322223405951	0.322223405951
GO:0010363	regulation of plant-type hypersensitive response	P	956	6	9	0.322223405951	0.322223405951	0.000263427746826	0.322223405951	0.322223405951	0.322223405951	0.000263427746826	0.322223405951	0.322223405951	0.322223405951	0.322223405951	0.322223405951	0.322223405951	0.322223405951	0.322223405951	0.322223405951
GO:0001071	nucleic acid binding transcription factor activity	M	1374	19	21	0.322223405951	0.322223405951	1.02476393074e-13	0.322223405951	2.24556770849e-39	0.00683340014957	4.62467101637e-24	0.159386051975	0.322223405951	6.94136988058e-17	0.0	0.00100132738394	0.322223405951	0.322223405951	0.322223405951	0.322223405951
GO:0010033	response to organic substance	P	4125	70	76	0.322223405951	0.322223405951	2.63137569639e-08	0.322223405951	1.61138793776e-37	0.0831989669294	6.6638833056e-16	9.19982010695e-07	0.322223405951	1.76629144504e-38	0.0	0.322223405951	0.322223405951	0.322223405951	0.322223405951	0.322223405951
GO:0006139	nucleobase-containing compound metabolic process	P	3485	4	8	0.322223405951	0.322223405951	0.322223405951	0.322223405951	0.322223405951	0.322223405951	0.322223405951	0.322223405951	0.322223405951	0.322223405951	0.322223405951	0.322223405951	0.322223405951	0.322223405951	0.322223405951	0.322223405951
GO:0009725	response to hormone stimulus	P	2484	42	45	0.322223405951	0.322223405951	1.42255634065e-10	0.322223405951	1.47217380368e-28	0.322223405951	8.39701173257e-08	0.000538254200937	0.322223405951	1.18467928054e-48	0.322223405951	0.322223405951	0.322223405951	0.322223405951	0.322223405951	0.322223405951
GO:0009723	response to ethylene stimulus	P	770	6	9	0.322223405951	0.322223405951	0.0237784661239	0.322223405951	0.322223405951	0.322223405951	0.0237784661239	0.322223405951	0.322223405951	0.322223405951	0.322223405951	0.322223405951	0.322223405951	0.322223405951	0.322223405951	0.322223405951
GO:0019752	carboxylic acid metabolic process	P	2797	9	15	0.322223405951	0.322223405951	0.322223405951	0.322223405951	2.6622745857e-30	0.322223405951	0.322223405951	0.322223405951	0.322223405951	0.322223405951	0.322223405951	0.322223405951	0.322223405951	0.322223405951	0.322223405951	0.322223405951
GO:0007154	cell communication	P	3251	43	50	0.322223405951	0.322223405951	1.93109862044e-07	0.322223405951	1.05664904341e-36	0.0831989669294	2.51204646982e-19	4.33356725658e-06	0.322223405951	7.77385826809e-43	0.0	0.322223405951	0.322223405951	0.322223405951	0.322223405951	0.322223405951
GO:0072330	monocarboxylic acid biosynthetic process	P	1356	4	7	0.322223405951	0.322223405951	0.322223405951	0.322223405951	0.322223405951	0.322223405951	0.322223405951	0.322223405951	0.322223405951	0.322223405951	0.322223405951	0.322223405951	0.322223405951	0.322223405951	0.322223405951	0.322223405951
GO:0009266	response to temperature stimulus	P	1600	9	16	0.322223405951	0.322223405951	0.322223405951	0.322223405951	0.322223405951	0.322223405951	0.322223405951	0.322223405951	0.322223405951	0.322223405951	0.322223405951	0.322223405951	0.322223405951	0.322223405951	0.322223405951	0.322223405951
GO:0048608	reproductive structure development	P	2318	11	17	0.322223405951	0.322223405951	0.00363470385034	0.322223405951	0.322223405951	0.322223405951	0.00799318951838	0.322223405951	0.322223405951	0.322223405951	0.322223405951	0.322223405951	0.322223405951	0.322223405951	0.322223405951	0.322223405951
GO:0022414	reproductive process	P	3187	17	26	0.322223405951	0.322223405951	0.0831989669294	0.322223405951	0.322223405951	0.322223405951	0.103000037411	0.322223405951	0.322223405951	0.322223405951	0.322223405951	0.322223405951	0.322223405951	0.322223405951	0.322223405951	0.322223405951
GO:0019222	regulation of metabolic process	P	3854	59	81	0.322223405951	0.322223405951	0.000126336854451	0.322223405951	2.33197387119e-50	0.322223405951	1.2758484771e-32	0.322223405951	0.322223405951	2.50427219041e-43	0.0	0.159386051975	0.322223405951	0.322223405951	0.322223405951	0.322223405951
GO:0080090	regulation of primary metabolic process	P	3164	50	67	0.322223405951	0.322223405951	4.38807660493e-07	0.322223405951	4.67505812699e-51	0.159386051975	7.76562254711e-40	0.0127683316054	0.322223405951	3.93023499961e-53	0.0	0.322223405951	0.322223405951	0.322223405951	0.322223405951	0.322223405951
GO:0043565	sequence-specific DNA binding	M	368	6	7	0.322223405951	0.322223405951	0.322223405951	0.322223405951	6.62638039433e-17	0.322223405951	2.39601204286e-09	0.322223405951	0.322223405951	3.32025688665e-24	0.322223405951	0.0237784661239	0.322223405951	0.322223405951	0.322223405951	0.322223405951
GO:0006464	cellular protein modification process	P	2986	6	9	0.322223405951	0.322223405951	0.322223405951	0.322223405951	1.01997631111e-22	0.322223405951	0.322223405951	0.322223405951	0.322223405951	0.322223405951	0.322223405951	0.322223405951	0.322223405951	0.322223405951	0.322223405951	0.322223405951
GO:0048856	anatomical structure development	P	4529	30	47	0.322223405951	0.322223405951	0.0831989669294	0.322223405951	0.322223405951	0.322223405951	0.0831989669294	0.322223405951	0.322223405951	0.322223405951	0.322223405951	0.322223405951	0.322223405951	0.322223405951	0.322223405951	0.322223405951
GO:0006807	nitrogen compound metabolic process	P	4683	8	15	0.322223405951	0.322223405951	0.322223405951	0.322223405951	0.322223405951	0.322223405951	0.322223405951	0.322223405951	0.322223405951	0.322223405951	0.322223405951	0.322223405951	0.322223405951	0.322223405951	0.322223405951	0.322223405951
GO:0010243	response to organic nitrogen	P	979	6	8	0.322223405951	0.322223405951	0.322223405951	0.322223405951	2.38646625177e-11	0.322223405951	1.46342071252e-06	0.322223405951	0.322223405951	6.51038139831e-36	0.322223405951	0.322223405951	0.322223405951	0.322223405951	0.322223405951	0.322223405951
GO:0046907	intracellular transport	P	2345	13	19	0.322223405951	0.322223405951	8.91458930952e-05	0.322223405951	6.8906604395e-26	0.322223405951	6.16834284421e-05	0.0443151771535	0.322223405951	0.322223405951	0.322223405951	0.322223405951	0.322223405951	0.322223405951	0.322223405951	0.322223405951
GO:0010468	regulation of gene expression	P	2751	35	46	0.322223405951	0.322223405951	4.19857328697e-12	0.322223405951	1.02914790123e-50	0.0831989669294	2.48860542578e-36	0.0831989669294	0.322223405951	2.17114878195e-41	0.0	0.0831989669294	0.322223405951	0.322223405951	0.322223405951	0.322223405951
GO:0044281	small molecule metabolic process	P	3994	17	27	0.322223405951	0.322223405951	0.0168362991571	0.322223405951	6.26126393533e-32	0.322223405951	0.0127683316054	0.322223405951	0.322223405951	0.322223405951	0.322223405951	0.322223405951	0.322223405951	0.322223405951	0.322223405951	0.322223405951
GO:0097305	response to alcohol	P	1250	22	25	0.322223405951	0.322223405951	1.00384128575e-08	0.322223405951	1.07542121228e-18	0.322223405951	2.88488632856e-05	0.00157177540832	0.322223405951	4.63747891422e-25	0.322223405951	0.322223405951	0.322223405951	0.322223405951	0.322223405951	0.322223405951
GO:0097306	cellular response to alcohol	P	611	10	12	0.322223405951	0.322223405951	2.72190691915e-09	0.322223405951	5.34733226239e-13	0.322223405951	0.951754386859	0.00683340014957	0.322223405951	2.71690605285e-43	0.322223405951	0.322223405951	0.322223405951	0.322223405951	0.322223405951	0.322223405951
GO:0009416	response to light stimulus	P	1919	11	17	0.322223405951	0.322223405951	0.322223405951	0.322223405951	3.92488564483e-27	0.322223405951	3.92488564483e-27	0.322223405951	0.322223405951	2.71690605285e-43	0.322223405951	0.322223405951	0.322223405951	0.322223405951	0.322223405951	0.322223405951
GO:0009414	response to water deprivation	P	749	7	11	0.322223405951	0.322223405951	0.322223405951	0.322223405951	0.322223405951	0.322223405951	0.322223405951	0.322223405951	0.322223405951	0.322223405951	0.322223405951	0.322223405951	0.322223405951	0.322223405951	0.322223405951	0.322223405951
GO:0009415	response to water stimulus	P	754	7	11	0.322223405951	0.322223405951	0.322223405951	0.322223405951	0.322223405951	0.322223405951	0.322223405951	0.322223405951	0.322223405951	0.322223405951	0.322223405951	0.322223405951	0.322223405951	0.322223405951	0.322223405951	0.322223405951
GO:0009889	regulation of biosynthetic process	P	2915	43	56	0.322223405951	0.322223405951	1.18332211269e-05	0.322223405951	1.01909806156e-45	0.322223405951	1.99371662775e-29	0.0127683316054	0.322223405951	5.75518282939e-40	0.0	0.322223405951	0.322223405951	0.322223405951	0.322223405951	0.322223405951
GO:0009888	tissue development	P	1898	6	9	0.322223405951	0.322223405951	0.322223405951	0.322223405951	0.322223405951	0.322223405951	0.322223405951	0.322223405951	0.322223405951	0.322223405951	0.322223405951	0.322223405951	0.322223405951	0.322223405951	0.322223405951	0.322223405951
GO:0009628	response to abiotic stimulus	P	4212	57	69	0.322223405951	0.322223405951	4.47477882831e-05	0.322223405951	1.01501168482e-48	0.322223405951	1.5626415844e-30	0.000352257086067	0.322223405951	3.8689942854e-60	0.0	0.322223405951	0.322223405951	0.322223405951	0.322223405951	0.322223405951
GO:0009620	response to fungus	P	1112	6	9	0.322223405951	0.322223405951	0.00363470385034	0.322223405951	0.322223405951	0.322223405951	0.00363470385034	0.322223405951	0.322223405951	0.322223405951	0.322223405951	0.322223405951	0.322223405951	0.322223405951	0.322223405951	0.322223405951
GO:0033554	cellular response to stress	P	2056	14	23	0.322223405951	0.322223405951	0.322223405951	0.322223405951	1.10230132583e-22	0.322223405951	9.79518328584e-22	0.322223405951	0.322223405951	1.35589531974e-31	0.322223405951	0.322223405951	0.322223405951	0.322223405951	0.322223405951	0.322223405951
GO:0050776	regulation of immune response	P	1044	6	9	0.322223405951	0.322223405951	0.00363470385034	0.322223405951	0.322223405951	0.322223405951	0.00363470385034	0.322223405951	0.322223405951	0.322223405951	0.322223405951	0.322223405951	0.322223405951	0.322223405951	0.322223405951	0.322223405951
GO:0010200	response to chitin	P	947	6	8	0.322223405951	0.322223405951	0.322223405951	0.322223405951	2.66471648309e-10	0.322223405951	3.26468195294e-06	0.322223405951	0.322223405951	3.32025688665e-24	0.322223405951	0.322223405951	0.322223405951	0.322223405951	0.322223405951	0.322223405951
GO:0051179	localization	P	4860	23	34	0.322223405951	0.322223405951	0.00549071575941	0.322223405951	2.47484072705e-39	0.322223405951	0.00602628761674	0.0831989669294	0.322223405951	0.322223405951	0.322223405951	0.322223405951	0.322223405951	0.322223405951	0.322223405951	0.322223405951
GO:0048585	negative regulation of response to stimulus	P	796	8	9	0.322223405951	0.322223405951	0.000516928494134	0.322223405951	1.17825524399e-20	0.322223405951	9.69805955527e-05	0.0127683316054	0.322223405951	0.0	0.322223405951	0.322223405951	0.322223405951	0.322223405951	0.322223405951	0.322223405951
GO:0048583	regulation of response to stimulus	P	1515	17	19	0.322223405951	0.322223405951	6.4021217858e-07	0.322223405951	1.25713984209e-27	0.322223405951	4.61145743918e-17	0.00293981572717	0.322223405951	3.35805688573e-54	0.322223405951	0.0443151771535	0.322223405951	0.322223405951	0.322223405951	0.322223405951
GO:0060255	regulation of macromolecule metabolic process	P	2962	39	53	0.322223405951	0.322223405951	7.08019796347e-20	0.322223405951	1.70308342491e-52	0.322223405951	2.7389373901e-38	0.159386051975	0.322223405951	1.42629986023e-48	0.0	0.322223405951	0.322223405951	0.322223405951	0.322223405951	0.322223405951
GO:0006612	protein targeting to membrane	P	972	6	9	0.322223405951	0.322223405951	0.00683340014957	0.322223405951	0.322223405951	0.322223405951	0.00683340014957	0.322223405951	0.322223405951	0.322223405951	0.322223405951	0.322223405951	0.322223405951	0.322223405951	0.322223405951	0.322223405951
GO:0023052	signaling	P	2837	40	47	0.322223405951	0.322223405951	6.10522471477e-05	0.322223405951	3.9725585807e-39	0.0831989669294	2.95543308968e-25	4.46137906616e-05	0.322223405951	3.3800748047e-41	0.0	0.322223405951	0.322223405951	0.322223405951	0.322223405951	0.322223405951
GO:0034976	response to endoplasmic reticulum stress	P	770	4	8	0.322223405951	0.322223405951	0.322223405951	0.322223405951	0.322223405951	0.322223405951	0.322223405951	0.322223405951	0.322223405951	0.322223405951	0.322223405951	0.322223405951	0.322223405951	0.322223405951	0.322223405951	0.322223405951
GO:0009863	salicylic acid mediated signaling pathway	P	892	5	9	0.322223405951	0.322223405951	0.322223405951	0.322223405951	0.322223405951	0.322223405951	0.322223405951	0.322223405951	0.322223405951	0.322223405951	0.322223405951	0.322223405951	0.322223405951	0.322223405951	0.322223405951	0.322223405951
GO:2000112	regulation of cellular macromolecule biosynthetic process	P	2583	32	42	0.322223405951	0.322223405951	7.08019796347e-20	0.322223405951	1.97486678395e-49	0.0831989669294	4.71058033271e-38	0.322223405951	0.322223405951	7.24969118356e-45	0.0	0.322223405951	0.322223405951	0.322223405951	0.322223405951	0.322223405951
GO:0050793	regulation of developmental process	P	1465	5	9	0.322223405951	0.322223405951	0.322223405951	0.322223405951	0.322223405951	0.322223405951	0.322223405951	0.322223405951	0.322223405951	0.322223405951	0.322223405951	0.322223405951	0.322223405951	0.322223405951	0.322223405951	0.322223405951
GO:0035556	intracellular signal transduction	P	940	4	7	0.322223405951	0.322223405951	0.322223405951	0.322223405951	0.322223405951	0.322223405951	0.322223405951	0.322223405951	0.322223405951	0.322223405951	0.322223405951	0.322223405951	0.322223405951	0.322223405951	0.322223405951	0.322223405951
GO:0044700	single organism signaling	P	2833	40	47	0.322223405951	0.322223405951	2.24438920794e-05	0.322223405951	3.13185947982e-33	0.322223405951	2.34829558348e-21	0.000222086938225	0.322223405951	8.39365901566e-46	0.0	0.322223405951	0.322223405951	0.322223405951	0.322223405951	0.322223405951
GO:0006355	regulation of transcription, DNA-dependent	P	2455	31	40	0.322223405951	0.322223405951	3.91969172282e-13	0.322223405951	5.43796278061e-48	0.0831989669294	2.84719791245e-32	0.159386051975	0.322223405951	1.29787160057e-35	0.0	0.322223405951	0.322223405951	0.322223405951	0.322223405951	0.322223405951
GO:0043167	ion binding	M	4975	9	15	0.322223405951	0.322223405951	0.322223405951	0.322223405951	0.322223405951	0.322223405951	0.322223405951	0.322223405951	0.322223405951	0.322223405951	0.322223405951	0.322223405951	0.322223405951	0.322223405951	0.322223405951	0.322223405951
GO:0019438	aromatic compound biosynthetic process	P	2142	7	11	0.322223405951	0.322223405951	0.0237784661239	0.322223405951	0.322223405951	0.322223405951	0.0237784661239	0.322223405951	0.322223405951	0.322223405951	0.322223405951	0.322223405951	0.322223405951	0.322223405951	0.322223405951	0.322223405951
GO:0044723	single-organism carbohydrate metabolic process	P	2389	4	7	0.322223405951	0.322223405951	0.322223405951	0.322223405951	0.322223405951	0.322223405951	0.322223405951	0.322223405951	0.322223405951	0.322223405951	0.322223405951	0.322223405951	0.322223405951	0.322223405951	0.322223405951	0.322223405951
GO:0048513	organ development	P	3123	14	24	0.322223405951	0.322223405951	0.322223405951	0.322223405951	0.322223405951	0.322223405951	0.322223405951	0.322223405951	0.322223405951	0.322223405951	0.322223405951	0.322223405951	0.322223405951	0.322223405951	0.322223405951	0.322223405951
GO:0048518	positive regulation of biological process	P	1640	9	15	0.322223405951	0.322223405951	0.322223405951	0.322223405951	3.92488564483e-27	0.322223405951	0.322223405951	0.322223405951	0.322223405951	0.322223405951	0.322223405951	0.322223405951	0.322223405951	0.322223405951	0.322223405951	0.322223405951
GO:0009737	response to abscisic acid stimulus	P	1067	18	22	0.322223405951	0.322223405951	0.00191735286375	0.322223405951	7.63070472146e-21	0.322223405951	1.38985322999e-15	0.0237784661239	0.322223405951	7.78963267657e-28	0.322223405951	0.322223405951	0.322223405951	0.322223405951	0.322223405951	0.322223405951
GO:0048523	negative regulation of cellular process	P	1455	7	9	0.322223405951	0.322223405951	0.322223405951	0.322223405951	1.59880435762e-14	0.322223405951	3.97011473412e-13	0.322223405951	0.322223405951	3.77193177738e-26	0.322223405951	0.322223405951	0.322223405951	0.322223405951	0.322223405951	0.322223405951
GO:0048522	positive regulation of cellular process	P	1401	9	15	0.322223405951	0.322223405951	0.322223405951	0.322223405951	3.80785543253e-29	0.322223405951	0.322223405951	0.322223405951	0.322223405951	0.322223405951	0.322223405951	0.322223405951	0.322223405951	0.322223405951	0.322223405951	0.322223405951
GO:0009738	abscisic acid mediated signaling pathway	P	486	7	8	0.322223405951	0.322223405951	0.322223405951	0.322223405951	1.16937825612e-06	0.322223405951	0.0127683316054	0.322223405951	0.322223405951	3.32025688665e-24	0.322223405951	0.322223405951	0.322223405951	0.322223405951	0.322223405951	0.322223405951
GO:2001141	regulation of RNA biosynthetic process	P	2455	31	40	0.322223405951	0.322223405951	9.46698662079e-19	0.322223405951	3.31085676363e-47	0.322223405951	2.23501101367e-34	0.322223405951	0.322223405951	1.04139435658e-43	0.0	0.0831989669294	0.322223405951	0.322223405951	0.322223405951	0.322223405951
GO:0032870	cellular response to hormone stimulus	P	1434	21	24	0.322223405951	0.322223405951	6.79629284906e-08	0.322223405951	5.79716767696e-25	0.322223405951	7.84642362847e-14	3.18357195807e-05	0.322223405951	6.17016089031e-44	0.322223405951	0.322223405951	0.322223405951	0.322223405951	0.322223405951	0.322223405951
GO:0080134	regulation of response to stress	P	1269	8	10	0.322223405951	0.322223405951	4.78373258623e-06	0.322223405951	5.04914868198e-16	0.322223405951	0.000352257086067	0.0237784661239	0.322223405951	2.71690605285e-43	0.322223405951	0.322223405951	0.322223405951	0.322223405951	0.322223405951	0.322223405951
GO:0036211	protein modification process	P	2986	6	9	0.322223405951	0.322223405951	0.322223405951	0.322223405951	3.31636311569e-26	0.322223405951	0.322223405951	0.322223405951	0.322223405951	0.322223405951	0.322223405951	0.322223405951	0.322223405951	0.322223405951	0.322223405951	0.322223405951
GO:0015031	protein transport	P	1929	9	13	0.322223405951	0.322223405951	0.322223405951	0.322223405951	1.4419286823e-27	0.322223405951	0.322223405951	0.322223405951	0.322223405951	0.322223405951	0.322223405951	0.322223405951	0.322223405951	0.322223405951	0.322223405951	0.322223405951
GO:0051716	cellular response to stimulus	P	4131	53	62	0.322223405951	0.322223405951	3.3714657794e-06	0.322223405951	1.2403445731e-33	0.322223405951	2.52530058749e-23	0.000178845597979	0.322223405951	9.3024713963e-48	0.0	0.322223405951	0.322223405951	0.322223405951	0.322223405951	0.322223405951
GO:0007275	multicellular organismal development	P	4917	39	61	0.322223405951	0.322223405951	0.0831989669294	0.322223405951	0.322223405951	0.322223405951	0.0831989669294	0.322223405951	0.322223405951	0.322223405951	0.322223405951	0.322223405951	0.322223405951	0.322223405951	0.322223405951	0.322223405951
GO:0044767	single-organism developmental process	P	3833	22	36	0.322223405951	0.322223405951	0.0831989669294	0.322223405951	0.322223405951	0.322223405951	0.0881661872863	0.322223405951	0.322223405951	0.322223405951	0.322223405951	0.322223405951	0.322223405951	0.322223405951	0.322223405951	0.322223405951
GO:1901700	response to oxygen-containing compound	P	3820	56	63	0.322223405951	0.322223405951	3.41185920673e-13	0.322223405951	4.35567223873e-35	0.0831989669294	1.76482451654e-11	9.19982010695e-07	0.322223405951	2.10150007323e-42	0.0	0.322223405951	0.322223405951	0.322223405951	0.322223405951	0.322223405951
GO:1901701	cellular response to oxygen-containing compound	P	1797	23	27	0.322223405951	0.322223405951	2.86608045874e-10	0.322223405951	1.617139649e-27	0.322223405951	2.72868031359e-14	3.18357195807e-05	0.322223405951	3.29091288356e-43	0.322223405951	0.159386051975	0.322223405951	0.322223405951	0.322223405951	0.322223405951
GO:0009607	response to biotic stimulus	P	2541	17	25	0.322223405951	0.322223405951	0.0127683316054	0.322223405951	1.84950605567e-28	0.322223405951	8.70917218252e-26	0.322223405951	0.322223405951	0.0	0.322223405951	0.322223405951	0.322223405951	0.322223405951	0.322223405951	0.322223405951
GO:0009314	response to radiation	P	2016	11	17	0.322223405951	0.322223405951	0.322223405951	0.322223405951	1.22845210873e-18	0.322223405951	1.22845210873e-18	0.322223405951	0.322223405951	3.77193177738e-26	0.322223405951	0.322223405951	0.322223405951	0.322223405951	0.322223405951	0.322223405951
GO:0009059	macromolecule biosynthetic process	P	2764	4	6	0.322223405951	0.322223405951	0.322223405951	0.322223405951	1.02683250267e-11	0.322223405951	0.322223405951	0.322223405951	0.322223405951	0.322223405951	0.322223405951	0.322223405951	0.322223405951	0.322223405951	0.322223405951	0.322223405951
GO:0051171	regulation of nitrogen compound metabolic process	P	2670	34	46	0.322223405951	0.322223405951	3.90677611473e-21	0.322223405951	4.72581811172e-48	0.0831989669294	5.36014120346e-39	0.322223405951	0.322223405951	7.24969118356e-45	0.0	0.322223405951	0.322223405951	0.322223405951	0.322223405951	0.322223405951
GO:0009056	catabolic process	P	3032	5	7	0.322223405951	0.322223405951	0.322223405951	0.322223405951	1.81491654142e-22	0.322223405951	0.322223405951	0.322223405951	0.322223405951	0.322223405951	0.322223405951	0.322223405951	0.322223405951	0.322223405951	0.322223405951	0.322223405951
GO:0009507	chloroplast	C	4416	4	7	0.322223405951	0.322223405951	0.322223405951	0.322223405951	0.322223405951	0.322223405951	0.322223405951	0.322223405951	0.322223405951	0.322223405951	0.322223405951	0.322223405951	0.322223405951	0.322223405951	0.322223405951	0.322223405951
GO:0032787	monocarboxylic acid metabolic process	P	2137	8	13	0.322223405951	0.322223405951	0.322223405951	0.322223405951	2.02298440841e-30	0.322223405951	0.322223405951	0.322223405951	0.322223405951	0.322223405951	0.322223405951	0.322223405951	0.322223405951	0.322223405951	0.322223405951	0.322223405951
GO:0016044	cellular membrane organization	P	958	5	9	0.322223405951	0.322223405951	0.322223405951	0.322223405951	0.322223405951	0.322223405951	0.322223405951	0.322223405951	0.322223405951	0.322223405951	0.322223405951	0.322223405951	0.322223405951	0.322223405951	0.322223405951	0.322223405951
GO:0016043	cellular component organization	P	4766	15	23	0.322223405951	0.322223405951	0.159386051975	0.322223405951	2.08079503272e-36	0.322223405951	0.159386051975	0.322223405951	0.322223405951	0.322223405951	0.322223405951	0.322223405951	0.322223405951	0.322223405951	0.322223405951	0.322223405951
GO:0044283	small molecule biosynthetic process	P	2348	6	11	0.322223405951	0.322223405951	0.322223405951	0.322223405951	0.322223405951	0.322223405951	0.322223405951	0.322223405951	0.322223405951	0.322223405951	0.322223405951	0.322223405951	0.322223405951	0.322223405951	0.322223405951	0.322223405951
GO:0034641	cellular nitrogen compound metabolic process	P	4107	6	11	0.322223405951	0.322223405951	0.322223405951	0.322223405951	0.322223405951	0.322223405951	0.322223405951	0.322223405951	0.322223405951	0.322223405951	0.322223405951	0.322223405951	0.322223405951	0.322223405951	0.322223405951	0.322223405951
GO:0000003	reproduction	P	3200	17	26	0.322223405951	0.322223405951	0.0127683316054	0.322223405951	0.322223405951	0.322223405951	0.0237784661239	0.322223405951	0.322223405951	0.322223405951	0.322223405951	0.322223405951	0.322223405951	0.322223405951	0.322223405951	0.322223405951
GO:0010556	regulation of macromolecule biosynthetic process	P	2583	32	42	0.322223405951	0.322223405951	3.17127270016e-15	0.322223405951	1.4315740823e-45	0.0443151771535	1.24150785597e-33	0.159386051975	0.322223405951	1.29787160057e-35	2.71690605285e-43	0.322223405951	0.322223405951	0.322223405951	0.322223405951	0.322223405951
GO:0033993	response to lipid	P	1382	23	26	0.322223405951	0.322223405951	2.81215298437e-13	0.322223405951	1.23638791749e-24	0.322223405951	5.56416625051e-07	1.99805144494e-06	0.322223405951	1.07429992487e-32	0.322223405951	0.322223405951	0.322223405951	0.322223405951	0.322223405951	0.322223405951
GO:0043067	regulation of programmed cell death	P	985	6	9	0.322223405951	0.322223405951	0.00191735286375	0.322223405951	0.322223405951	0.322223405951	0.00191735286375	0.322223405951	0.322223405951	0.322223405951	0.322223405951	0.322223405951	0.322223405951	0.322223405951	0.322223405951	0.322223405951
GO:0045087	innate immune response	P	1509	4	8	0.322223405951	0.322223405951	0.322223405951	0.322223405951	0.322223405951	0.322223405951	0.322223405951	0.322223405951	0.322223405951	0.322223405951	0.322223405951	0.322223405951	0.322223405951	0.322223405951	0.322223405951	0.322223405951
GO:0010035	response to inorganic substance	P	1955	15	20	0.322223405951	0.322223405951	2.19782523271e-08	0.322223405951	0.322223405951	0.322223405951	1.67751489321e-09	0.322223405951	0.322223405951	0.322223405951	0.322223405951	0.322223405951	0.322223405951	0.322223405951	0.322223405951	0.322223405951
GO:0005975	carbohydrate metabolic process	P	2829	5	9	0.322223405951	0.322223405951	0.322223405951	0.322223405951	0.322223405951	0.322223405951	0.322223405951	0.322223405951	0.322223405951	0.322223405951	0.322223405951	0.322223405951	0.322223405951	0.322223405951	0.322223405951	0.322223405951
GO:0009719	response to endogenous stimulus	P	2818	54	57	0.322223405951	0.322223405951	1.91162693432e-07	0.322223405951	9.37170869648e-38	0.159386051975	1.43758393393e-11	1.69157778321e-08	0.322223405951	4.56828956528e-76	0.0	0.322223405951	0.322223405951	0.322223405951	0.322223405951	0.322223405951
GO:0071407	cellular response to organic cyclic compound	P	1164	6	11	0.322223405951	0.322223405951	0.322223405951	0.322223405951	0.322223405951	0.322223405951	0.322223405951	0.322223405951	0.322223405951	0.322223405951	0.322223405951	0.322223405951	0.322223405951	0.322223405951	0.322223405951	0.322223405951
GO:0014070	response to organic cyclic compound	P	1682	12	18	0.322223405951	0.322223405951	0.00259881676744	0.322223405951	0.322223405951	0.322223405951	0.00293981572717	0.322223405951	0.322223405951	0.322223405951	0.322223405951	0.322223405951	0.322223405951	0.322223405951	0.322223405951	0.322223405951
GO:0019219	regulation of nucleobase-containing compound metabolic process	P	2630	33	44	0.322223405951	0.322223405951	7.48356385556e-11	0.322223405951	1.05345146058e-47	0.0237784661239	5.42785345429e-36	0.322223405951	0.322223405951	1.08832798611e-42	0.0	0.0443151771535	0.322223405951	0.322223405951	0.322223405951	0.322223405951
GO:0019748	secondary metabolic process	P	1260	4	6	0.322223405951	0.322223405951	0.00363470385034	0.322223405951	0.322223405951	0.322223405951	0.00363470385034	0.322223405951	0.322223405951	0.322223405951	0.322223405951	0.322223405951	0.322223405951	0.322223405951	0.322223405951	0.322223405951
GO:2000026	regulation of multicellular organismal development	P	1254	4	7	0.322223405951	0.322223405951	0.322223405951	0.322223405951	0.322223405951	0.322223405951	0.322223405951	0.322223405951	0.322223405951	0.322223405951	0.322223405951	0.322223405951	0.322223405951	0.322223405951	0.322223405951	0.322223405951
GO:0007165	signal transduction	P	2734	40	47	0.322223405951	0.322223405951	0.000284247462967	0.322223405951	2.33247406662e-34	0.322223405951	7.16487393471e-20	5.57108661587e-05	0.322223405951	7.49688304478e-50	0.0	0.322223405951	0.322223405951	0.322223405951	0.322223405951	0.322223405951
GO:0034613	cellular protein localization	P	1878	10	14	0.322223405951	0.322223405951	0.000214267257201	0.322223405951	1.0288208375e-29	0.322223405951	0.00013234126807	0.0831989669294	0.322223405951	0.322223405951	0.322223405951	0.322223405951	0.322223405951	0.322223405951	0.322223405951	0.322223405951
GO:0046394	carboxylic acid biosynthetic process	P	1910	5	9	0.322223405951	0.322223405951	0.322223405951	0.322223405951	0.322223405951	0.322223405951	0.322223405951	0.322223405951	0.322223405951	0.322223405951	0.322223405951	0.322223405951	0.322223405951	0.322223405951	0.322223405951	0.322223405951
GO:0071215	cellular response to abscisic acid stimulus	P	526	7	8	0.322223405951	0.322223405951	0.322223405951	0.322223405951	5.37489550109e-07	0.322223405951	0.00100132738394	0.322223405951	0.322223405951	3.77193177738e-26	0.322223405951	0.322223405951	0.322223405951	0.322223405951	0.322223405951	0.322223405951
GO:0009755	hormone-mediated signaling pathway	P	1381	21	24	0.322223405951	0.322223405951	1.42255634065e-10	0.322223405951	7.75664533679e-28	0.322223405951	6.76720751991e-11	5.71064254506e-06	0.322223405951	2.83243431339e-36	0.322223405951	0.322223405951	0.322223405951	0.322223405951	0.322223405951	0.322223405951
GO:0009751	response to salicylic acid stimulus	P	1050	7	13	0.322223405951	0.322223405951	0.322223405951	0.322223405951	0.322223405951	0.322223405951	0.322223405951	0.322223405951	0.322223405951	0.322223405951	0.322223405951	0.322223405951	0.322223405951	0.322223405951	0.322223405951	0.322223405951
GO:0009753	response to jasmonic acid stimulus	P	1012	5	8	0.322223405951	0.322223405951	0.0237784661239	0.322223405951	0.322223405951	0.322223405951	0.0237784661239	0.322223405951	0.322223405951	0.322223405951	0.322223405951	0.322223405951	0.322223405951	0.322223405951	0.322223405951	0.322223405951
GO:0044267	cellular protein metabolic process	P	4430	7	11	0.322223405951	0.322223405951	0.322223405951	0.322223405951	2.89292620397e-24	0.322223405951	0.322223405951	0.322223405951	0.322223405951	0.322223405951	0.322223405951	0.322223405951	0.322223405951	0.322223405951	0.322223405951	0.322223405951
GO:0019538	protein metabolic process	P	4797	7	11	0.322223405951	0.322223405951	0.322223405951	0.322223405951	9.31083093274e-30	0.322223405951	0.322223405951	0.322223405951	0.322223405951	0.322223405951	0.322223405951	0.322223405951	0.322223405951	0.322223405951	0.322223405951	0.322223405951
GO:0006605	protein targeting	P	1704	9	13	0.322223405951	0.322223405951	0.0443151771535	0.322223405951	3.84390272624e-31	0.322223405951	0.0443151771535	0.322223405951	0.322223405951	0.322223405951	0.322223405951	0.322223405951	0.322223405951	0.322223405951	0.322223405951	0.322223405951
GO:0045184	establishment of protein localization	P	1929	9	13	0.322223405951	0.322223405951	0.0569340922993	0.322223405951	2.12346901633e-27	0.322223405951	0.0443151771535	0.159386051975	0.322223405951	0.322223405951	0.322223405951	0.322223405951	0.322223405951	0.322223405951	0.322223405951	0.322223405951
GO:0031347	regulation of defense response	P	1243	6	9	0.322223405951	0.322223405951	0.00013234126807	0.322223405951	0.322223405951	0.322223405951	0.00013234126807	0.322223405951	0.322223405951	0.322223405951	0.322223405951	0.322223405951	0.322223405951	0.322223405951	0.322223405951	0.322223405951
GO:0044765	single-organism transport	P	4210	20	29	0.322223405951	0.322223405951	5.57108661587e-05	0.322223405951	3.92488564483e-27	0.322223405951	4.46137906616e-05	0.0127683316054	0.322223405951	0.322223405951	0.322223405951	0.322223405951	0.322223405951	0.322223405951	0.322223405951	0.322223405951
GO:0071396	cellular response to lipid	P	723	10	12	0.322223405951	0.322223405951	5.56121375907e-08	0.322223405951	1.93491222077e-11	0.322223405951	0.768025869403	0.0443151771535	0.322223405951	1.97996276415e-49	0.322223405951	0.322223405951	0.322223405951	0.322223405951	0.322223405951	0.322223405951
GO:0006810	transport	P	4537	22	33	0.322223405951	0.322223405951	0.000174606962959	0.322223405951	2.47484072705e-39	0.322223405951	0.000107488049078	0.0443151771535	0.322223405951	0.322223405951	0.322223405951	0.322223405951	0.322223405951	0.322223405951	0.322223405951	0.322223405951
GO:0010154	fruit development	P	1146	4	7	0.322223405951	0.322223405951	0.322223405951	0.322223405951	0.322223405951	0.322223405951	0.322223405951	0.322223405951	0.322223405951	0.322223405951	0.322223405951	0.322223405951	0.322223405951	0.322223405951	0.322223405951	0.322223405951
GO:0071702	organic substance transport	P	2918	11	16	0.322223405951	0.322223405951	0.0275225781496	0.322223405951	3.84390272624e-31	0.322223405951	0.0237784661239	0.322223405951	0.322223405951	0.322223405951	0.322223405951	0.322223405951	0.322223405951	0.322223405951	0.322223405951	0.322223405951
GO:0080135	regulation of cellular response to stress	P	967	6	9	0.322223405951	0.322223405951	0.000263427746826	0.322223405951	0.322223405951	0.322223405951	0.000263427746826	0.322223405951	0.322223405951	0.322223405951	0.322223405951	0.322223405951	0.322223405951	0.322223405951	0.322223405951	0.322223405951
GO:0061025	membrane fusion	P	616	5	9	0.322223405951	0.322223405951	0.322223405951	0.322223405951	0.322223405951	0.322223405951	0.322223405951	0.322223405951	0.322223405951	0.322223405951	0.322223405951	0.322223405951	0.322223405951	0.322223405951	0.322223405951	0.322223405951
GO:0061024	membrane organization	P	958	5	9	0.322223405951	0.322223405951	0.322223405951	0.322223405951	0.322223405951	0.322223405951	0.322223405951	0.322223405951	0.322223405951	0.322223405951	0.322223405951	0.322223405951	0.322223405951	0.322223405951	0.322223405951	0.322223405951
GO:0009791	post-embryonic development	P	2943	12	19	0.322223405951	0.322223405951	0.00363470385034	0.322223405951	0.322223405951	0.322223405951	0.0062468001227	0.322223405951	0.322223405951	0.322223405951	0.322223405951	0.322223405951	0.322223405951	0.322223405951	0.322223405951	0.322223405951
GO:0046483	heterocycle metabolic process	P	4253	7	13	0.322223405951	0.322223405951	0.322223405951	0.322223405951	0.322223405951	0.322223405951	0.322223405951	0.322223405951	0.322223405951	0.322223405951	0.322223405951	0.322223405951	0.322223405951	0.322223405951	0.322223405951	0.322223405951
GO:0009893	positive regulation of metabolic process	P	959	4	6	0.322223405951	0.322223405951	0.322223405951	0.322223405951	3.03045685833e-18	0.322223405951	0.322223405951	0.322223405951	0.322223405951	0.322223405951	0.322223405951	0.322223405951	0.322223405951	0.322223405951	0.322223405951	0.322223405951
GO:0009891	positive regulation of biosynthetic process	P	920	4	6	0.322223405951	0.322223405951	0.322223405951	0.322223405951	5.46106742148e-17	0.322223405951	0.322223405951	0.322223405951	0.322223405951	0.322223405951	0.322223405951	0.322223405951	0.322223405951	0.322223405951	0.322223405951	0.322223405951
GO:0033036	macromolecule localization	P	2303	12	17	0.322223405951	0.322223405951	0.0443151771535	0.322223405951	2.08079503272e-36	0.322223405951	0.0443151771535	0.322223405951	0.322223405951	0.322223405951	0.322223405951	0.322223405951	0.322223405951	0.322223405951	0.322223405951	0.322223405951
GO:0009409	response to cold	P	1056	9	16	0.322223405951	0.322223405951	0.322223405951	0.322223405951	0.322223405951	0.322223405951	0.322223405951	0.322223405951	0.322223405951	0.322223405951	0.322223405951	0.322223405951	0.322223405951	0.322223405951	0.322223405951	0.322223405951
GO:0005515	protein binding	M	3396	32	44	0.322223405951	0.322223405951	0.00114125514218	0.322223405951	1.516154439e-22	0.322223405951	5.26347445432e-11	0.159386051975	0.322223405951	0.0	0.322223405951	0.322223405951	0.322223405951	0.322223405951	0.322223405951	0.322223405951
GO:0006996	organelle organization	P	3011	4	6	0.322223405951	0.322223405951	0.322223405951	0.322223405951	1.78968172749e-21	0.322223405951	0.322223405951	0.322223405951	0.322223405951	0.322223405951	0.322223405951	0.322223405951	0.322223405951	0.322223405951	0.322223405951	0.322223405951
GO:0003006	developmental process involved in reproduction	P	2856	17	26	0.322223405951	0.322223405951	0.00363470385034	0.322223405951	0.322223405951	0.322223405951	0.00423589623014	0.322223405951	0.322223405951	0.322223405951	0.322223405951	0.322223405951	0.322223405951	0.322223405951	0.322223405951	0.322223405951
GO:1901698	response to nitrogen compound	P	1226	6	8	0.322223405951	0.322223405951	0.322223405951	0.322223405951	1.08883553716e-10	0.322223405951	3.26468195294e-06	0.322223405951	0.322223405951	1.57652063648e-28	0.322223405951	0.322223405951	0.322223405951	0.322223405951	0.322223405951	0.322223405951
GO:0006082	organic acid metabolic process	P	2811	9	15	0.322223405951	0.322223405951	0.322223405951	0.322223405951	1.18227919171e-26	0.322223405951	0.322223405951	0.322223405951	0.322223405951	0.322223405951	0.322223405951	0.322223405951	0.322223405951	0.322223405951	0.322223405951	0.322223405951
GO:0031328	positive regulation of cellular biosynthetic process	P	920	4	6	0.322223405951	0.322223405951	0.322223405951	0.322223405951	5.333252744e-18	0.322223405951	0.322223405951	0.322223405951	0.322223405951	0.322223405951	0.322223405951	0.322223405951	0.322223405951	0.322223405951	0.322223405951	0.322223405951
GO:0031326	regulation of cellular biosynthetic process	P	2908	42	55	0.322223405951	0.322223405951	2.57268006266e-05	0.322223405951	4.91795585192e-52	0.0831989669294	3.61828095678e-36	0.0831989669294	0.322223405951	3.87184244414e-44	0.0	0.322223405951	0.322223405951	0.322223405951	0.322223405951	0.322223405951
GO:0031325	positive regulation of cellular metabolic process	P	948	4	6	0.322223405951	0.322223405951	0.322223405951	0.322223405951	3.03045685833e-18	0.322223405951	0.322223405951	0.322223405951	0.322223405951	0.322223405951	0.322223405951	0.322223405951	0.322223405951	0.322223405951	0.322223405951	0.322223405951
GO:0031323	regulation of cellular metabolic process	P	3426	54	72	0.322223405951	0.322223405951	0.000691375464573	0.322223405951	3.04691065628e-60	0.322223405951	1.77641915425e-41	0.0579656115364	0.322223405951	1.10260868984e-77	0.0	0.322223405951	0.322223405951	0.322223405951	0.322223405951	0.322223405951
GO:0010941	regulation of cell death	P	1002	7	11	0.322223405951	0.322223405951	0.00363470385034	0.322223405951	0.322223405951	0.322223405951	0.00363470385034	0.322223405951	0.322223405951	0.322223405951	0.322223405951	0.322223405951	0.322223405951	0.322223405951	0.322223405951	0.322223405951
GO:0005576	extracellular region	C	2195	4	5	0.322223405951	0.322223405951	0.322223405951	0.322223405951	0.322223405951	0.322223405951	0.322223405951	0.322223405951	0.322223405951	0.322223405951	0.322223405951	0.322223405951	0.322223405951	0.322223405951	0.322223405951	0.322223405951
GO:0008104	protein localization	P	1973	10	14	0.322223405951	0.322223405951	0.0168362991571	0.322223405951	1.40172378341e-28	0.322223405951	0.0127683316054	0.159386051975	0.322223405951	0.322223405951	0.322223405951	0.322223405951	0.322223405951	0.322223405951	0.322223405951	0.322223405951
GO:0044248	cellular catabolic process	P	2221	5	7	0.322223405951	0.322223405951	0.322223405951	0.322223405951	1.2793989528e-18	0.322223405951	0.322223405951	0.322223405951	0.322223405951	0.322223405951	0.322223405951	0.322223405951	0.322223405951	0.322223405951	0.322223405951	0.322223405951
GO:0006944	cellular membrane fusion	P	616	5	9	0.322223405951	0.322223405951	0.322223405951	0.322223405951	0.322223405951	0.322223405951	0.322223405951	0.322223405951	0.322223405951	0.322223405951	0.322223405951	0.322223405951	0.322223405951	0.322223405951	0.322223405951	0.322223405951
GO:0009651	response to salt stress	P	1428	18	24	0.322223405951	0.322223405951	2.90562125783e-05	0.322223405951	3.01650874337e-33	0.322223405951	2.73638410965e-05	0.0127683316054	0.322223405951	0.322223405951	0.322223405951	0.322223405951	0.322223405951	0.322223405951	0.322223405951	0.322223405951
GO:0071446	cellular response to salicylic acid stimulus	P	896	5	9	0.322223405951	0.322223405951	0.322223405951	0.322223405951	0.322223405951	0.322223405951	0.322223405951	0.322223405951	0.322223405951	0.322223405951	0.322223405951	0.322223405951	0.322223405951	0.322223405951	0.322223405951	0.322223405951
GO:0006952	defense response	P	2316	20	28	0.322223405951	0.322223405951	2.57342139324e-11	0.322223405951	3.33783312479e-27	0.159386051975	1.33872146377e-25	0.322223405951	0.322223405951	8.83394957305e-34	0.0	0.322223405951	0.322223405951	0.322223405951	0.322223405951	0.322223405951
GO:0006955	immune response	P	1516	4	8	0.322223405951	0.322223405951	0.322223405951	0.322223405951	0.322223405951	0.322223405951	0.322223405951	0.322223405951	0.322223405951	0.322223405951	0.322223405951	0.322223405951	0.322223405951	0.322223405951	0.322223405951	0.322223405951
GO:0051252	regulation of RNA metabolic process	P	2472	31	40	0.322223405951	0.322223405951	9.46698662079e-19	0.322223405951	2.72880570338e-49	0.159386051975	2.52303752424e-35	0.159386051975	0.322223405951	1.67268660246e-39	0.0	0.0831989669294	0.322223405951	0.322223405951	0.322223405951	0.322223405951
GO:0007389	pattern specification process	P	680	4	6	0.322223405951	0.322223405951	0.322223405951	0.322223405951	0.322223405951	0.322223405951	0.322223405951	0.322223405951	0.322223405951	0.322223405951	0.322223405951	0.322223405951	0.322223405951	0.322223405951	0.322223405951	0.322223405951
GO:0071310	cellular response to organic substance	P	2152	28	35	0.322223405951	0.322223405951	1.67693895281e-05	0.322223405951	3.24699595419e-32	0.322223405951	1.56238649323e-25	0.00191735286375	0.322223405951	1.97996276415e-49	0.322223405951	0.322223405951	0.322223405951	0.322223405951	0.322223405951	0.322223405951
GO:0051649	establishment of localization in cell	P	2508	13	19	0.322223405951	0.322223405951	0.00174856370087	0.322223405951	3.01650874337e-33	0.322223405951	0.00117392224299	0.322223405951	0.322223405951	0.322223405951	0.322223405951	0.322223405951	0.322223405951	0.322223405951	0.322223405951	0.322223405951
GO:0051641	cellular localization	P	2614	15	21	0.322223405951	0.322223405951	0.00217380572367	0.322223405951	3.15475561408e-35	0.322223405951	0.00258717494951	0.0831989669294	0.322223405951	0.322223405951	0.322223405951	0.322223405951	0.322223405951	0.322223405951	0.322223405951	0.322223405951
GO:0009653	anatomical structure morphogenesis	P	2696	7	10	0.322223405951	0.322223405951	0.322223405951	0.322223405951	0.322223405951	0.322223405951	0.322223405951	0.322223405951	0.322223405951	0.322223405951	0.322223405951	0.322223405951	0.322223405951	0.322223405951	0.322223405951	0.322223405951
